0.0,0.0,0.0
0.0,0.0,0.0
0.0,0.0,0.0
0.0,0.0,0.0
0.0,0.0,0.0
0.0,0.0,0.0
0.0,0.0,0.0
0.0,0.0,0.0
0.0,0.0,0.0
0.0,0.0,0.0
0.0,0.0,0.0
0.0,0.0,0.0
0.0,0.0,0.0
0.0,0.0,0.0
0.0,0.0,0.0
0.0,0.0,0.0
0.0,0.0,0.0
0.0,0.0,0.0
0.0,0.0,0.0
0.0,0.0,0.0
-0.000125463186954,0.0002401770429155,0.0
-0.0008741463726051,0.0016667358794992,-0.0002911629531462
-0.001613288087899,0.0030675062202337,-0.0010139962701121
-0.00233867996472,0.0044375290742221,-0.0021605126712817
-0.003046227498164,0.0057720236172231,-0.0037209199838261
-0.0037319670565185,0.0070664067866354,-0.0056836832376389
-0.0043920821344582,0.0083163117932103,-0.0080355939006103
-0.0050229187846838,0.0095176054780009,-0.0107618458714388
-0.0056210001675633,0.0106664044489398,-0.0138461178219351
-0.0061830401628828,0.0117590899375496,-0.0172706614566259
-0.0067059559925707,0.0127923213226078,-0.0210163952354859
-0.0071868798081941,0.0137630482740776,-0.0250630030859028
-0.0076231692021145,0.014668521477247,-0.0293890376125676
-0.0080124166064128,0.015506301903762,-0.0339720272989425
-0.0083524575490203,0.01627426860306,-0.0387885871813297
-0.0086413777419033,0.0169706249945832,-0.04381453246638
-0.0088775189816158,0.0175939036480341,-0.0490249945551585
-0.009059483848032,0.0181429695458166,-0.0543945389316406
-0.009186139192579,0.0186170218286295,-0.0598972843707332
-0.0092566184127743,0.0190155940319396,-0.0655070229206038
-0.0092703225153239,0.0193385528277125,-0.0711973401162162
-0.0092269199754129,0.0195860952922984,-0.0769417348854939
-0.0091263454051156,0.0197587447277332,-0.0827137386164072
-0.0089687970490296,0.019857345069886,-0.0884870328624587
-0.0087547331302869,0.0198830539228488,-0.0942355651754551
-0.0084848670749832,0.0198373342646862,-0.0999336625680321
-0.0081601616477864,0.0197219448751298,-0.105556142124057
-0.0077818220360041,0.0195389295409858,-0.111078418292682
-0.007351287923702,0.0192906050999053,-0.116476606421352
-0.0068702246015417,0.0189795483877276,-0.121727622104413
-0.0063405131618453,0.0186085821588344,-0.126809275946924
-0.0057642398319629,0.0181807600528187,-0.13170036336786
-0.0051436845023266,0.0176993506842808,-0.136380749092822
-0.0044813085085842,0.0171678209356888,-0.140831446013676
-0.0037797417299308,0.0165898185359767,-0.145034688120914
-0.0030417690681696,0.0159691540098979,-0.148973997244037
-0.0022703163741353,0.0153097820850851,-0.15263424336553
-0.0014684358898988,0.0146157826453019,-0.156001698305099
-0.0006392912766325,0.0138913413194871,-0.159064082602465
0.0002138577008516,0.0131407297969053,-0.161810605459124
0.0010876707610732,0.0123682859590122,-0.164231997631853
0.0019787428920675,0.0115783939185372,-0.166320537203276
0.0028836202643377,0.0107754640557732,-0.168070068187369
0.0037988161983058,0.0099639131411551,-0.169476011960126
0.0047208271144877,0.0091481446319166,-0.170535371537746
0.0056461483954275,0.0083325292289361,-0.171246728756371
0.0065712900895476,0.0075213857778458,-0.171610234438507
0.0074927923884879,0.0067189625960809,-0.171627591661673
0.0084072408112179,0.0059294193048114,-0.17130203227442
0.0093112810301963,0.0051568092416404,-0.170638286833482
0.010201633277109,0.0044050625265861,-0.169642548163418
0.0110751062682308,0.0036779698502094,-0.16832242876645
0.0119286105922146,0.0029791670488253,-0.166686912335351
0.012759171506088,0.0023121205275579,-0.164746299645931
0.013563941088438,0.0016801135876021,-0.162512149127897
0.0143402097021478,0.0010862337094385,-0.159997212433604
0.0150854167226209,0.0005333608389614,-0.15721536534318
0.0157971604911486,2.41567185213231e-05,-0.154181534361918
0.0164732074569532,-0.0004389447002038,-0.150911619381376
0.0171115004754234,-0.0008537457297976,-0.147422412789381
0.0177101662341582,-0.0012182922807371,-0.143731515426043
0.0182675217826173,-0.0015308800340013,-0.139857249792915
0.0187820801454166,-0.0017900594369869,-0.135818570930484
0.0192525550036048,-0.0019946395124706,-0.131634975385361
0.0196778644325699,-0.0021436904757544,-0.127326408692771
0.020057133689551,-0.0022365451604986,-0.122913171802152
0.02038969704804,-0.002272799259056,-0.118415826874093
0.0206750986806391,-0.0022523103883465,-0.113855102875211
0.0209130925961648,-0.0021751959974407,-0.109251801394121
0.0211036416409531,-0.0020418301380205,-0.104626703096364
0.021246915578388,-0.0018528391237406,-0.100000475229004
0.0213432882646481,-0.0016090961092057,-0.0953935805767435
0.0213933339425099,-0.0013117146237823,-0.0908261882608315
0.0213978226787589,-0.0009620410997678,-0.0863180867597924
0.021357714974319,-0.0005616464385179,-0.0818885995172484
0.0212741555796,-0.0001123166619842,-0.0775565034868164
0.0211484665507811,0.0003839572992976,-0.073339950947389
0.0209821395857622,0.0009249906273941,-0.0692563949041134
0.0207768276813399,0.0015084163899068,-0.0653225183711644
0.0205343361557594,0.0021316980044601,-0.061554167812067
0.0202566130831809,0.0027921423320805,-0.0579662909919605
0.0199457391887405,0.0034869133346395,-0.0545728794739168
0.0196039172547975,0.0042130462296792,-0.0513869159683354
0.0192334610906216,0.0049674620744037,-0.048420326720658
0.0188367841191867,0.0057469827093999,-0.0456839390982764
0.0184163876358992,0.0065483459917594,-0.0431874445126703
0.0179748487949879,0.0073682212466984,-0.040939366787627
0.0175148083799317,0.0082032248665242,-0.0389470360589667
0.0170389584146851,0.0090499359858672,-0.0372165682656515
0.0165500296725935,0.009904912162482,-0.0357528502666046
0.0160507791397651,0.0107647049936204,-0.0345595305921193
0.0155439774892856,0.0116258755989819,-0.0336390158135166
0.0150323966220438,0.0124850099025468,-0.0329924724898151
0.0145187973290613,0.0133387336471858,-0.032619834625722
0.0140059171291228,0.0141821366086941,-0.0325198165513433
0.0134964544137284,0.0150000925340264,-0.0326886436809665
0.0129930307793613,0.0157683891887197,-0.0331177866425356
0.0124981417687681,0.016466196968808,-0.0337937073832876
0.0120141110911401,0.0170764788611298,-0.0346986017844106
0.0115430530004441,0.017585790440734,-0.0358111758083587
0.0110868425042074,0.0179841164905521,-0.0371073926335062
0.0106470930659245,0.0182647093768529,-0.038561192839789
0.0102251414744859,0.0184239092689169,-0.040145184366928
0.0098220395073707,0.0184609362892595,-0.0418312961107004
0.009438551948325,0.0183776513566279,-0.0435913878271699
0.0090751604486288,0.018178286908596,-0.045397808931195
0.0087320726529622,0.0178691515664503,-0.0472238994281403
0.0084092359522504,0.0174583145962147,-0.0490444273444791
0.0081063551803877,0.0169552770358402,-0.0508359584373408
0.0078229135414895,0.0163706368099876,-0.052577155529295
0.007558196040193,0.0157157551865027,-0.0542490064319632
0.0073113146895386,0.0150024316473774,-0.0558349810143786
0.0070812347884669,0.0142425937298089,-0.0573211194814883
0.0068668015928144,0.0134480077006605,-0.0586960553109362
0.0066667667483615,0.0126300151094217,-0.0599509775195691
0.0064798139101871,0.0117992993620047,-0.0610795379716546
0.006304583037399,0.010965685982697,-0.0620777103072193
0.0061396929251758,0.010137980601488,-0.0629436079270504
0.0059837616174264,0.0093238484603024,-0.0636772693857831
0.0058354244323123,0.0085297372928656,-0.0642804201814915
0.005693349425299,0.0077608429950541,-0.0647562200885509
0.0055562502055061,0.0070211155608159,-0.0651090048855544
0.0054228961069234,0.0063133013886365,-0.0653440306887919
0.0052921197936569,0.0056390171324978,-0.0654672282156382
0.005162822445781,0.0049988496835204,-0.0654849732507231
0.0050339767283466,0.0043924765599941,-0.065403878435059
0.0049046277899596,0.0038188009081688,-0.0652306102978483
0.0047738925689353,0.0032760954375766,-0.0649717342478199
0.0046409577045899,0.0027621499013623,-0.0646335890742537
0.0045050763593594,0.0022744171552147,-0.064222191409852
0.004365564255022,0.0018101533603651,-0.063743169605007
0.0042217952144741,0.0013665485100073,-0.0632017255768602
0.0040731964805637,0.0009408441285013,-0.0626026224424044
0.0039192440568461,0.0005304356941186,-0.0619501951329504
0.0037594582832766,0.0001329580456474,-0.0612483807226865
0.0035933998243038,-0.000253647270445,-0.0605007648871514
0.0034206662090483,-0.0006310830914583,-0.0597106407342262
0.0032408890246629,-0.0010006659323204,-0.0588810762128848
0.0030537318258644,-0.0013633126929133,-0.0580149863922774
0.0028588887871946,-0.0017195435109131,-0.0571152071018464
0.0026560840908093,-0.0020694990954098,-0.0561845667160251
0.002445072012357,-0.0024129705675323,-0.0552259532369602
0.0022256376414517,-0.0027494396153899,-0.0542423742570222
0.0019975981518227,-0.0030781266410969,-0.0532370078507365
0.0017608045197155,-0.0033980445337996,-0.0522132429346755
0.0015151435776166,-0.0037080557382658,-0.0511747081262466
0.0012605402837986,-0.0040069303954446,-0.050125288612098
0.0009969600863067,-0.0042934034996008,-0.049069130989811
0.0007244112624753,-0.0045662292352103,-0.048010636460549
0.0004429471214046,-0.0048242309142109,-0.0469544431156561
0.0001526679665023,-0.0050663452186706,-0.0459053983695231
-0.0001462772724053,-0.0052916597539433,-0.0448685228395119
-0.0004536898134025,-0.0054994432219575,-0.0438489671588748
-0.0007693202633348,-0.0056891678233354,-0.0428519633301787
-0.0010928683685252,-0.0058605237815619,-0.0418827722865492
-0.001423983301767,-0.006013426144719,-0.0409466293296902
-0.0017622644954173,-0.0061480142540568,-0.0400486890622176
-0.0021072630146864,-0.0062646444690719,-0.0391939713337189
-0.0024584834507608,-0.0063638769024761,-0.0383873095823489
-0.002815386300564,-0.0064464570435917,-0.0376333027845381
-0.0031773907890146,-0.0065132932348317,-0.0369362720326568
-0.0035438780807664,-0.0065654310138013,-0.0363002225523923
-0.0039141948217102,-0.0066040253451308,-0.0357288117560469
-0.004287656946011,-0.0066303117443277,-0.0352253237123866
-0.0046635536820912,-0.0066455772444071,-0.0347926502048064
-0.0050411516906507,-0.0066511320791387,-0.0344332783533744
-0.0054196992693648,-0.0066482828591541,-0.0341492845977737
-0.0057984305621166,-0.0066383079038249,-0.0339423346812736
-0.0061765697152646,-0.0066224352677642,-0.0338136891435892
-0.0065533349292434,-0.0066018238708919,-0.0337642137247339
-0.0069279423604838,-0.0065775480098754,-0.033794394003655
-0.0072996098359215,-0.0065505854006535,-0.0339043535445065
-0.007667560349987,-0.006521808780446,-0.0340938747989787
-0.0080310253216561,-0.0064919809863557,-0.0343624220135043
-0.0083892475966714,-0.0064617533289835,-0.0347091654131226
-0.0087414841871921,-0.006431666995382,-0.0351330059765173
-0.0090870087477302,-0.006402157147491,-0.0356326001760962
-0.0094251137921249,-0.0063735593306371,-0.0362063841295668
-0.0097551126613953,-0.0063461177718681,-0.0368525966917716
-0.0100763412565118,-0.0063199951293936,-0.0375693011041116
-0.0103881595534032,-0.0062952832513301,-0.0383544049103328
-0.0106899529198592,-0.006272014512991,-0.0392056779386309
-0.0109811332554224,-0.0062501733254853,-0.0401207682381087
-0.0112611399759368,-0.0062297074425213,-0.0410972159400887
-0.0115294408642035,-0.0062105387349997,-0.04213246508958
-0.01178553280728,-0.0061925731521035,-0.0432238735576514
-0.0120289424394489,-0.0061757096410095,-0.0443687212003933
-0.0122592267078881,-0.0061598478529741,-0.0455642164737817
-0.0124759733757189,-0.0061448945194293,-0.0468075017457762
-0.0126788014744993,-0.0061307684360654,-0.0480956575674512
-0.0128673617154949,-0.0061174040441072,-0.0494257061743115
-0.0130413368662962,-0.0061047536447563,-0.0507946144879257
-0.0132004420966619,-0.0060927883240197,-0.0521992968776272
-0.0133444252949443,-0.0060814977000525,-0.0536366179235088
-0.0134730673541578,-0.0060708886331994,-0.0551033953966188
-0.0135861824247544,-0.0060609830598487,-0.0565964036416267
-0.013683618129512,-0.0060518151250134,-0.058112377512746
-0.0137652557346449,-0.0060434277954259,-0.0596480169768673
-0.013831010270336,-0.0060358691353076,-0.0611999924600816
-0.0138808305933554,-0.006029188421415,-0.0627649509763896
-0.0139146993842732,-0.0060234322632068,-0.0643395230415804
-0.01393263307195,-0.0060186408788221,-0.0659203303420652
-0.0139346816784925,-0.0060148446589023,-0.0675039940987119
-0.0139209285786266,-0.0060120611290406,-0.0690871440401254
-0.0138914901684409,-0.0060102923987062,-0.0706664278788271
-0.0138465154396285,-0.0060095231607648,-0.072238521167691
-0.0137861854566625,-0.0060097192820179,-0.0738001374029097
-0.0137107127357221,-0.0060108270022703,-0.0753480382336125
-0.0136203405255995,-0.0060127727379671,-0.0768790436368419
-0.0135153419922143,-0.0060154634669695,-0.0783900419195614
-0.0133960193096985,-0.0060187876540075,-0.0798779994162578
-0.0132627026622621,-0.0060226166620772,-0.0813399697609945
-0.0131157491621641,-0.0060268065837524,-0.0827731026258535
-0.0129555416900909,-0.0060312004181407,-0.0841746518329482
-0.0127824876650421,-0.006035630514031,-0.0855419827639595
-0.012597017751458,-0.0060399211975389,-0.0868725790087914
-0.012399584511766,-0.0060438915030695,-0.0881640482128681
-0.0121906610127907,-0.0060473579294241,-0.0894141271002339
-0.0119707393945637,-0.006050137148062,-0.0906206856664638
-0.0117403294100004,-0.0060520485975332,-0.0917817305510205
-0.0114999569436912,-0.0060529169065404,-0.092895407612736
-0.0112501625177072,-0.0060525740975807,-0.0939600037442876
-0.0109914997918636,-0.0060508615332585,-0.0949739479716725
-0.0107245340653389,-0.0060476315777886,-0.0959358118926594
-0.0104498407859374,-0.0060427489565571,-0.0968443095139744
-0.0101680040726307,-0.0060360918065727,-0.0976982965505853
-0.0098796152563377,-0.0060275524199361,-0.0984967692520033
-0.0095852714432268,-0.0060170376908588,-0.0992388628201562
-0.0092855741041623,-0.0060044692840861,-0.0999238494813245
-0.0089811276932924,-0.0059897835486941,-0.100551136271084
-0.0086725382981882,-0.0059729312060611,-0.101120262586441
-0.0083604123234213,-0.0059538768443158,-0.101630897553649
-0.0080453552090009,-0.0059325982537595,-0.102082837253805
-0.007727970184698,-0.0059090856386947,-0.102476001841584
-0.0074088570609595,-0.0058833407408565,-0.102810432585528
-0.0070886110568632,-0.0058553759083456,-0.103086288851527
-0.006767821665376,-0.0058252131417535,-0.103303845044597
-0.0064470715560592,-0.0057928831461909,-0.103463487518073
-0.0061269355152984,-0.0057584244143595,-0.10356571145395
-0.0058079794241218,-0.0057218823618009,-0.103611117713493
-0.0054907592736997,-0.0056833085311871,-0.103600409653441
-0.0051758202186778,-0.00564275987815,-0.10353438990023
-0.0048636956685842,-0.0056002981468147,-0.103413957072632
-0.0045549064176483,-0.0055559893390577,-0.103240102442031
-0.0042499598134798,-0.0055099032776523,-0.103013906519269
-0.0039493489651624,-0.0054621132599986,-0.10273653555736
-0.0036535519914116,-0.0054126957961338,-0.102409237960509
-0.0033630313095343,-0.0053617304222295,-0.102033340591499
-0.0030782329659906,-0.0053092995788466,-0.101610244971641
-0.0027995860093965,-0.0052554885418382,-0.101141423369936
-0.0025275019068263,-0.005200385392963,-0.100628414780776
-0.0022623740042581,-0.0051440810169717,-0.100072820792313
-0.0020045770319647,-0.0050866691121159,-0.0994763013504313
-0.0017544666555878,-0.0050282462016545,-0.0988405704259541
-0.0015123790735372,-0.0049689116349329,-0.0981673915952555
-0.0012786306612412,-0.0049087675679217,-0.097458573546717
-0.0010535176626365,-0.0048479189146523,-0.0967159655274354
-0.000837315929133,-0.0047864732627033,-0.0959414527461904
-0.0006302807061192,-0.0047245407477046,-0.0951369517499002
-0.0004326464668996,-0.0046622338836711,-0.0943044057916126
-0.0002446267937719,-0.0045996673477828,-0.0934457802084922
-6.6414305771328e-05,-0.0045369577199519,-0.0925630578282916
0.000101819367574,-0.0044742231790968,-0.0916582344224522
0.0002599235673026,-0.0044115831594517,-0.0907333142233041
0.0004077685418879,-0.0043491579714399,-0.0897903055218617
0.0005452453410605,-0.0042870683926114,-0.0888312163614921
0.0006722656678678,-0.0042254352348801,-0.0878580503413114
0.0007887616903772,-0.0041643788947867,-0.0868728025415959
0.0008946858145357,-0.0041040188937694,-0.0858774555818268
0.0009900104197868,-0.0040444734154509,-0.0848739758202746
0.0010747275591146,-0.0039858588467728,-0.0838643097023124
0.0011488486252414,-0.0039282893294447,-0.0828503802629778
0.0012124039847384,-0.0038718763276517,-0.0818340837877081
0.0012654425818329,-0.0038167282173155,-0.0808172866336952
0.0013080315137007,-0.003762949901453,-0.0798018222129636
0.0013402555790275,-0.0037106424553605,-0.0787894881370883
0.0013622168016059,-0.0036599028045009,-0.0777820435224559
0.0013740339307084,-0.0036108234371061,-0.0767812064541299
0.0013758419199454,-0.0035634921526682,-0.0757886516057206
0.0013677913862757,-0.0035179918466923,-0.0748060080121664
0.0013500480507971,-0.0034744003313434,-0.0738348569920067
0.0013227921628979,-0.003432790190964,-0.0728767302155452
0.0012862179093057,-0.003393228670869,-0.0719331079152526
0.0012405328095232,-0.0033557775973561,-0.071005417234826
0.0011859570990987,-0.0033204933265069,-0.0700950307134753
0.001122723102135,-0.0032874267190923,-0.0692032649022367
0.0010510745944037,-0.0032566231387431,-0.0683313791093903
0.0009712661583933,-0.0032281224704836,-0.067480574272364
0.0008835625315909,-0.0032019591567588,-0.0666519919538241
0.0007882379492641,-0.0031781622481969,-0.0658467134599564
0.0006855754829858,-0.0031567554665213,-0.0650657590792301
0.0005758663761223,-0.0031377572772665,-0.0643100874401826
0.0004594093774816,-0.0031211809702205,-0.0635805949869633
0.0003365100743019,-0.0031070347458265,-0.0628781155715242
0.0002074802257425,-0.0030953218060914,-0.0622034201614311
7.26370980214051e-05,-0.0030860404488775,-0.0615572166622962
-6.76971976734674e-05,-0.0030791841647672,-0.0609401498538002
-0.0002131963633864,-0.0030747417359917,-0.0603528014381773
-0.000363530567621,-0.0030726973371892,-0.0597956901998927
-0.0005183670925172,-0.003073030637999,-0.0592692722750461
-0.000677370973932,-0.0030757169077046,-0.058773941528801
-0.0008402056333955,-0.0030807271223006,-0.0583100300388707
-0.0010065335009478,-0.0030880280744831,-0.057877808682806
-0.0011760166278861,-0.0030975824871401,-0.0574774878265177
-0.001348317288489,-0.003109349130958,-0.0571092181111638
-0.0015230985698184,-0.0031232829467588,-0.0567730913352195
-0.0017000249487374,-0.0031393351731473,-0.0564691414282532
-0.0018787628553267,-0.0031574534799796,-0.0561973455126567
-0.0020589812219224,-0.0031775821080721,-0.0559576250493199
-0.0022403520170453,-0.0031996620154558,-0.0557498470630223
-0.0024225507635403,-0.0032236310303537,-0.0555738254431203
-0.0026052570402904,-0.0032494240109182,-0.0554293223149573
-0.0027881549669245,-0.0032769730116278,-0.0553160494773089
-0.002970933670983,-0.0033062074560974,-0.055233669901097
-0.0031532877370618,-0.0033370543159235,-0.0551817992845699
-0.003334917637502,-0.0033694382950614,-0.0551600076601393
-0.0035155301442454,-0.0034032820191169,-0.0551678210481011
-0.0036948387215239,-0.003438506228841,-0.0552047231525226
-0.0038725638991007,-0.0034750299770364,-0.0552701570946749
-0.004048433625828,-0.003512770828027,-0.0553635271794949
-0.0042221836033314,-0.0035516450587996,-0.0554842006906999
-0.0043935575996753,-0.0035915678609108,-0.0556315097103175
-0.004562307742906,-0.0036324535422463,-0.055804752958558
-0.0047281947944112,-0.003674215727742,-0.0560031976501145
-0.0048909884020689,-0.0037167675582031,-0.0562260813631466
-0.0050504673332012,-0.0037600218864083,-0.0564726139173687
-0.0052064196873776,-0.003803891469744,-0.056741979257828
-0.0053586430891499,-0.0038482891586778,-0.0570333373411135
-0.005506944860829,-0.00389312808046,-0.0573458260208873
-0.0056511421754454,-0.003938321817518,-0.0576785629297703
-0.0057910621900619,-0.0039837845800889,-0.0580306473547426
-0.0059265421596347,-0.0040294313727188,-0.0584011621033408
-0.0060574295316445,-0.0040751781543344,-0.058789175358038
-0.0061835820217419,-0.004120941991667,-0.0591937425162975
-0.0063048676706777,-0.0041666412058784,-0.0596139080138707
-0.0064211648828062,-0.0042121955123012,-0.0600487071289975
-0.0065323624464761,-0.0042575261532605,-0.0604971677652347
-0.0066383595366399,-0.0043025560239898,-0.0609583122107055
-0.0067390657000343,-0.0043472097916956,-0.061431158871626
-0.0068344008233033,-0.0043914140078511,-0.0619147239780209
-0.0069242950844531,-0.0044350972138255,-0.0624080232596013
-0.0070086888880455,-0.0044781900399691,-0.0629100735898303
-0.007087532784555,-0.0045206252982793,-0.0634198945962639
-0.0071607873743284,-0.0045623380687803,-0.0639365102353145
-0.0072284231966041,-0.0046032657797405,-0.0644589503296457
-0.0072904206040603,-0.0046433482818472,-0.06498625206648
-0.0073467696233778,-0.0046825279164477,-0.0655174614551688
-0.007397469802315,-0.0047207495779527,-0.0660516347424549
-0.0074425300438042,-0.0047579607704842,-0.0665878397839403
-0.0074819684275915,-0.0047941116588378,-0.0671251573703577
-0.0075158120199513,-0.0048291551138144,-0.0676626825073417
-0.0075440966720175,-0.0048630467519664,-0.0681995256474866
-0.007566866807279,-0.0048957449697912,-0.0687348138735852
-0.0075841751987987,-0.0049272109724007,-0.0692676920320439
-0.0075960827367161,-0.0049574087966877,-0.0697973238155769
-0.0076026581866035,-0.0049863053290102,-0.0703228927943922
-0.0076018274441217,-0.0050138702464109,-0.0708435260214975
-0.0075866845626726,-0.0050400695661554,-0.0713572986421446
-0.0075506361650476,-0.0050648492944882,-0.0718609420987263
-0.007488575634679,-0.0050881199625367,-0.0723500338635303
-0.0073967630412137,-0.0051097446359672,-0.0728192907631749
-0.0072727285576563,-0.0051295310421617,-0.0732628429803358
-0.0071151780025831,-0.0051472276536562,-0.0736744902905377
-0.0069238909179777,-0.0051625235726035,-0.0740479391136298
-0.0066996080780992,-0.0051750519785647,-0.0743770177783962
-0.006443908880242,-0.0051843968068326,-0.0746558672187572
-0.0061590809402479,-0.005190102233197,-0.0748791046898218
-0.0058479851056021,-0.0051916844633595,-0.0750419587483575
-0.0055139194057384,-0.0051886452666853,-0.0751403745280391
-0.0051604854134777,-0.0051804866574379,-0.0751710891589678
-0.0047914602303495,-0.0051667261129438,-0.0751316779729927
-0.0044106769164691,-0.0051469117267613,-0.0750205728626476
-0.004021915717504,-0.0051206367243426,-0.0748370547972961
-0.0036288079347061,-0.005087552816578,-0.0745812230301565
-0.0032347537662253,-0.0050473819301649,-0.0742539439459701
-0.002842854939496,-0.0049999259297646,-0.0738567827982702
-0.0024558624712551,-0.0049450740319856,-0.0733919217688554
-0.0020761394950084,-0.0048828077019045,-0.0728620678575294
-0.0017056393714469,-0.0048132029137188,-0.072270354130407
-0.0013458996285074,-0.0047364297439622,-0.0716202379857183
-0.0009980514985251,-0.0046527493518205,-0.0709154001344826
-0.0006628435958977,-0.0045625084894755,-0.0701596477961372
-0.0003406773942698,-0.0044661317714894,-0.0693568251831598
-3.16517264592745e-05,-0.0043641120091789,-0.0685107337780028
0.0002643865944846,-0.0042569989785501,-0.0676250642667069
0.0005477888604037,-0.0041453870356202,-0.0667033413398613
0.000819049880037,-0.0040299020194461,-0.0657488819394982
0.0010787550431644,-0.0039111878907847,-0.0647647669457677
0.0013275310090583,-0.0037898935438422,-0.0637538257780642
0.0015660016050116,-0.0036666602016406,-0.0627186329441632
0.001794750120984,-0.0035421097643059,-0.0616615152155739
0.0020142887901914,-0.0034168344266684,-0.060584567841254
0.0022250358668983,-0.003291387819822,-0.0594896780349746
0.0024273003633575,-0.0031662778637157,-0.0583785538806894
0.002621274196924,-0.0030419614474314,-0.0572527567893219
0.0028070312325702,-0.0029188409834176,-0.0561137357013242
0.0029845324897379,-0.0027972628142528,-0.0549628613523964
0.0031536366178657,-0.0026775173878639,-0.0538014590939634
0.0033141146321859,-0.0025598410615101,-0.0526308389737758
0.0034656678388756,-0.0024444193478597,-0.0514523220235303
0.0036079478633841,-0.0023313913792652,-0.0502672619580857
0.0037405777237353,-0.0022208553396058,-0.0490770617535753
0.0038631729568507,-0.002112874597082,-0.0478831848292028
0.0039753619044686,-0.0020074842659824,-0.0466871608005248
0.0040768043892351,-0.001904697930176,-0.0454905859927201
0.0041672081536419,-0.0018045142750673,-0.0442951190944092
0.0042463425872248,-0.0017069233968334,-0.0431024724914233
0.0043140494235781,-0.0016119125865905,-0.0419143999426353
0.0043702502416639,-0.0015194714211812,-0.0407326813453557
0.0044149507497595,-0.0014295960299287,-0.0395591053862354
0.0044482419603662,-0.0013422924463433,-0.0383954508868345
0.004470298476732,-0.0012575789937972,-0.0372434676339793
0.0044813742036743,-0.0011754876931274,-0.0361048574375924
0.0044817958655878,-0.0010960647166416,-0.0349812560874521
0.0044719547623762,-0.001019369945939,-0.0338742167903419
0.0044522972199986,-0.0009454757193931,-0.0327851955655464
0.0044233141976306,-0.0008744648783643,-0.0317155389648743
0.0043855305000538,-0.0008064282387833,-0.0306664743683792
0.0043394940142851,-0.0007414616264441,-0.0296391029933568
0.0042857653464876,-0.000679662620195,-0.0286343956461603
0.0042249081819525,-0.0006211271474482,-0.0276531911474154
0.0041574806305632,-0.0005659460714592,-0.0266961972741511
0.0040840277557598,-0.0005142019002347,-0.0257639939892959
0.0040050754195518,-0.0004659657334061,-0.0248570386712727
0.0039211255122632,-0.0004212945467512,-0.0239756730147229
0.0038326525757655,-0.0003802288950846,-0.0231201312476698
0.0037401017749096,-0.000342791093841,-0.0222905493000869
0.0036438881252049,-0.0003089839186721,-0.0214869745627374
0.0035443968465824,-0.0002787898415739,-0.0207093758917441
0.0034419846839314,-0.0002521708021795,-0.0199576535417568
0.0033369820152281,-0.0002290684945304,-0.0192316487467291
0.0032296955572718,-0.0002094051334038,-0.0185311527099806
0.0031204114768215,-0.0001930846505401,-0.0178559148121723
0.0030093987204423,-0.0001799942601715,-0.01720564989491
0.0028969123886376,-0.0001700063252586,-0.0165800445268625
0.0027831969976497,-0.0001629804508591,-0.0159787622067324
0.0026684894944017,-0.0001587657289968,-0.0154014475015503
0.002553021915106,-0.0001572030601255,-0.0148477291582946
0.0024370236047903,-0.0001581274795248,-0.0143172222607658
0.0023207229421724,-0.0001613704224166,-0.0138095295312891
0.0022043485408337,-0.0001667618688721,-0.0133242418977945
0.0020881299225273,-0.0001741323182917,-0.0128609384610407
0.0019722976809112,-0.0001833145529492,-0.0124191860043694
0.0018570831733798,-0.0001941451603929,-0.0119985381897986
0.0017427177945523,-0.0002064657949544,-0.0115985345800713
0.0016294318970947,-0.0002201241688826,-0.0112186996172035
0.0015174534338193,-0.0002349747733206,-0.0108585416749611
0.0014070063995055,-0.0002508793382151,-0.0105175522864491
0.0012983091518194,-0.0002677070480288,-0.0101952056295438
0.0011915726884198,-0.0002853345366521,-0.0098909583331497
0.0010869989522403,-0.0003036456900521,-0.0096042496471029
0.0009847792295208,-0.0003225312889004,-0.0093345019987477
0.0008850926959585,-0.0003418885256741,-0.0090811219405014
0.000788105155896,-0.0003616204315792,-0.008843501475674
0.000693968008299,-0.0003816352481935,-0.0086210197348887
0.0006028174619097,-0.000401845777093,-0.00841304496301
0.0005147740108509,-0.0004221687380785,-0.0082189367667232
0.0004299421715047,-0.0004425241631319,-0.00803804856593
0.0003484104720465,-0.0004628348491107,-0.0078697301879049
0.00027025167782,-0.0004830258876243,-0.0077133305415718
0.0001955232290084,-0.0005030242857344,-0.0075682003101131
0.0001242678618725,-0.0005227586862714,-0.0074336946031378
5.65143812489565e-05,-0.0005421591918306,-0.0073091755144797
-7.72145000500443e-06,-0.0005611572920703,-0.0071940145380265
-6.84359394572377e-05,-0.0005796858898982,-0.0070875948014036
-0.0001256364454399,-0.0005976794186196,-0.0069893130854854
-0.0001793403412733,-0.0006150740392024,-0.0068985816062109
-0.0002295739923696,-0.0006318079045392,-0.0068148295437013
-0.0002763717714567,-0.0006478214759841,-0.0067375043119052
-0.0003197751328589,-0.0006630578765046,-0.0066660725696684
-0.000359831762158,-0.0006774632644899,-0.0066000209810293
-0.0003965948128285,-0.0006909872125569,-0.0065388567384993
-0.0004301222368001,-0.0007035830765226,-0.0064821078679968
-0.000460476211508,-0.0007152083409996,-0.0064293233378931
-0.0004877226620014,-0.0007258249297279,-0.0063800729972796
-0.0005119308731858,-0.0007353994706939,-0.0063339473701104
-0.0005331731843773,-0.0007439035082173,-0.0062905573323655
-0.000551524756076,-0.0007513136564107,-0.0062495336989205
-0.0005670633972567,-0.0007576116906564,-0.0062105267455124
-0.000579869440507,-0.0007627845759175,-0.0061732056891954
-0.0005900256519963,-0.0007668244327407,-0.0061372581481317
