0.0,0.0,0.0
0.0,0.0,0.0
0.0,0.0,0.0
0.0,0.0,0.0
0.0,0.0,0.0
0.0,0.0,0.0
0.0,0.0,0.0
0.0,0.0,0.0
0.0,0.0,0.0
0.0,0.0,0.0
0.0,0.0,0.0
0.0,0.0,0.0
0.0,0.0,0.0
0.0,0.0,0.0
0.0,0.0,0.0
0.0,0.0,0.0
0.0,0.0,0.0
0.0,0.0,0.0
0.0,0.0,0.0
0.0,0.0,0.0
1.41575897108194e-05,-0.0005208333333333,0.0
9.7168037059589e-05,-0.0036153438562603,0.0004256269111714
0.00017228586109,-0.00665838163521,0.0014810449852223
0.0002333428983758,-0.0096429104590048,0.0031530535348475
0.0002743525253722,-0.012562170327104,0.0054258558811436
0.000289533980196,-0.0154097053139913,0.0082811561674337
0.0002733355225085,-0.0181793897873699,0.0116982663328315
0.0002204563400263,-0.0208654528800914,0.0156542226645235
0.0001258671167108,-0.0234625011245597,0.0201239113109586
-1.51708154744879e-05,-0.0259655391674763,0.025080202104481
-0.0002070878122325,-0.0283699884921978,0.0304940900115361
-0.0004539898036599,-0.0306717040856062,0.0363348435015283
-0.0007596437880971,-0.0328669889962039,0.0425701591017922
-0.0011274649814224,-0.0349526067400974,0.0491663213860357
-0.0015605056622335,-0.036925791521576,0.0560883676270706
-0.0020614457453812,-0.0387842562450773,0.0633002563317026
-0.0026325851082779,-0.0405261983054243,0.0707650388663316
-0.0032758376863369,-0.0421503031532557,0.078445033376118
-0.0039927273458374,-0.0436557456425343,0.0863020001984866
-0.0047843855344987,-0.0450421891768321,0.0942973179732449
-0.0056515507021131,-0.0463097826807455,0.102392159656641
-0.0065945694757693,-0.0474591554322199,0.110547667655211
-0.0076133995665315,-0.0484914098007418,0.118725127307224
-0.0087076143769483,-0.0494081119452361,0.126886137954764
-0.0098764090456435,-0.050202848895578,0.134992471569448
-0.011118588049764,-0.0508513150177949,0.143002388513413
-0.0124325244928686,-0.0513316301110059,0.150869822123535
-0.0138161240729183,-0.0516280174004281,0.158545322748798
-0.015266800357682,-0.0517301320110927,0.165977304942417
-0.0167814621727863,-0.051632540803767,0.173113180431857
-0.0183565118791745,-0.0513342758931942,0.17990039664741
-0.0199878535790468,-0.050838415296221,0.18628738845776
-0.0216709103307661,-0.0501516389335894,0.192224442516176
-0.0234006493970655,-0.0492837728204277,0.197664464243873
-0.0251716145235955,-0.0482473587956234,0.202563652577868
-0.0269779642862163,-0.0470572174902547,0.206882080688042
-0.0288135155160573,-0.0457299958463061,0.210584179393656
-0.0306717907852866,-0.044283708442256,0.213639120196456
-0.0325460689217385,-0.042737282054825,0.216021096929668
-0.0344294375271191,-0.0411101125966785,0.217709507091089
-0.036314846500238,-0.0394216429388496,0.218689035900353
-0.0381951616121972,-0.0376909692456356,0.218949647932699
-0.04006321724275,-0.0359364823910625,0.218486492788019
-0.0419118674637964,-0.0341755498489769,0.217299732622026
-0.0437340347446453,-0.0324242422033617,0.215394300474924
-0.0455227556515102,-0.0306971072686859,0.212779599176224
-0.0472712230183231,-0.029006995095381,0.209469151282719
-0.048972824177649,-0.0273649376852619,0.205480211394778
-0.0506130943838901,-0.0257800851429376,0.200833526496078
-0.0521499599101292,-0.0242596729264503,0.195557625381266
-0.0535367483844591,-0.0228089738535561,0.189691855895318
-0.0547543071165844,-0.0214312994058708,0.18328270858206
-0.055798474311422,-0.0201280984500333,0.176379233027406
-0.0566656073916568,-0.0188991189481348,0.169031375772164
-0.0573525862312281,-0.0177426035119366,0.161289555176607
-0.0578568127802683,-0.0166555032540028,0.153204277007158
-0.058176207079065,-0.0156337028757348,0.144825794485735
-0.0583092001381138,-0.014672249642936,0.13620381498057
-0.0582547241725456,-0.0137655794317133,0.127387254000796
-0.0580122006758281,-0.0129077337363741,0.118424035764741
-0.0575815268011568,-0.0120925623675627,0.109360938376782
-0.0569630604911389,-0.0113139074898725,0.100243480593432
-0.0561576047591845,-0.0105657656148748,0.0911158463010371
-0.0551663914815073,-0.0098424251432706,0.0820208421723128
-0.0539914082884244,-0.0091385780080583,0.0729998835173666
-0.0526404807705737,-0.0084494059611299,0.0640926149549821
-0.0511325185838868,-0.0077706568125331,0.0553348442128581
-0.0494880268752595,-0.0070987164755608,0.0467576429662836
-0.0477276036162078,-0.0064306619621462,0.038387310547167
-0.0458714879747608,-0.0057642916189447,0.0302455423976532
-0.0439391279022847,-0.0050981332746537,0.0223496914234302
-0.0419488057897278,-0.0044314316440955,0.0147131100140134
-0.039917344704882,-0.0037641166710879,0.0073455545184695
-0.0378599003107594,-0.003096754870936,0.0002536317156639
-0.0357898329564522,-0.0024304861072131,-0.0065587324969187
-0.0337186516318414,-0.0017669485329279,-0.0130898200307619
-0.0316560214545099,-0.0011081946083459,-0.0193396587683885
-0.0296098263471713,-0.0004566011768794,-0.0253095853224642
-0.0275862783826724,0.0001852234510591,-0.0310018434728119
-0.0255900651252053,0.0008145325753994,-0.0364192270611277
-0.0236245262824228,0.0014285317079749,-0.0415647738366251
-0.0216918511462686,0.0020244643171472,-0.0464415145192178
-0.0197932886488194,0.0025996906391326,-0.0510522792278614
-0.017929362381666,0.0031517578204703,-0.0553995614549
-0.0161000836002918,0.0036784600201589,-0.0594854379911915
-0.0143051560293647,0.0041778874751339,-0.0633115416521013
-0.0125441669224178,0.004648463907159,-0.0668790823307151
-0.0108167582334811,0.0050889720077791,-0.0701889106927074
-0.0091227712069448,0.0054985670702349,-0.0732416174520363
-0.007462359333382,0.0058767791482084,-0.0760376600155629
-0.0058360673004262,0.0062235044157409,-0.0785775076599487
-0.0042448759069629,0.006538986673295,-0.0808617963369966
-0.0026902146795097,0.0068237901801476,-0.0828914845950655
-0.001173945245849,0.0070787651839498,-0.0846680028456803
0.0003016805327754,0.0073050076584271,-0.0861933892045582
0.0017340830440045,0.0075038148466351,-0.0874704063156527
0.0031204330526071,0.0076766382391997,-0.0885026348542134
0.0044577404143437,0.0078250355959821,-0.0892945407360899
0.0057429484399298,0.0079506235489853,-0.0898515143786264
0.0069730292803656,0.0080550322090164,-0.0901798816141805
0.0081450761587546,0.0081398630449285,-0.0902868870093207
0.0092563888397251,0.0082066511194202,-0.090180651358236
0.0103045493714229,0.008256832557273,-0.0898701059734007
0.011287485824008,0.0082917178987475,-0.0893649070739808
0.0122035224521612,0.0083124717608605,-0.0886753340647422
0.0130514153997439,0.0083200990003479,-0.0878121758046362
0.0138303737184019,0.0083154373516885,-0.0867866090908289
0.0145400660684437,0.0082991563082654,-0.085610073542564
0.015180613993656,0.0082717618303105,-0.0842941468766064
0.0157525730996023,0.0082336063043789,-0.0828504242427044
0.016256903808708,0.0081849030492869,-0.0812904048570197
0.0166949336102647,0.0081257445650841,-0.0796253886592588
0.0170683128688046,0.0080561236559104,-0.0778663851516481
0.0173789663036841,0.0079759565245465,-0.0760240359810801
0.017629042213515,0.0078851069350642,-0.0741085522246778
0.0178208614016389,0.0077834105681763,-0.0721296667565415
0.0179568675757672,0.0076706987487804,-0.070096601529608
0.0180395807602054,0.0075468208031833,-0.0680180491180996
0.0180715549874477,0.0074116644004286,-0.0659021674460353
0.0180553412419952,0.0072651733435214,-0.0637565862849742
0.0179934563270515,0.0071073623974559,-0.0615884238450218
0.0178883580271446,0.0069383288670852,-0.0594043116089652
0.017742426658065,0.0067582607644907,-0.0572104254686829
0.0175579528393205,0.0065674415283358,-0.0550125212111738
0.0173371311010925,0.0063662513729107,-0.0528159724616604
0.0170820587528764,0.0061551654488762,-0.0506258093141856
0.016794739297937,0.0059347490884075,-0.0484467560554411
0.0164770895777632,0.0057056504824707,-0.0462832666037789
0.016130949773374,0.0054685911959748,-0.0441395565305855
0.0157580953735087,0.0052243549668389,-0.0420196307936188
0.015360250239919,0.0049737752575609,-0.0399273065801959
0.0149390999526056,0.0047177220332318,-0.0378662309218139
0.0144963046974946,0.0044570882292248,-0.0358398929915881
0.0140335110598353,0.0041927763465592,-0.0338516312239285
0.0135523622023842,0.0039256855751516,-0.0319046355958099
0.0130545060321205,0.0036566997970365,-0.0300019455761472
0.0125416010869875,0.0033866767655816,-0.0281464443811558
0.0120153199996217,0.0031164386952224,-0.0263408502677338
0.0114773505134894,0.0028467644317937,-0.0245877056539748
0.0109293941343454,0.0025783833085341,-0.0228893648773473
0.0103731625933158,0.002311970729509,-0.0212479813895184
0.0098103723749492,0.0020481454625479,-0.0196654951458339
0.0092427376228701,0.0017874685695328,-0.0181436208814505
0.0086719617766791,0.0015304438544096,-0.0166838378798719
0.0080997283166842,0.0012775196696835,-0.0152873817383019
0.0075276909988378,0.0010290918911138,-0.0139552385229564
0.0069574639523809,0.00078550784819,-0.0126881415913381
0.0063906119891138,0.0005470709848012,-0.0114865712421834
0.0058286414382095,0.0003140460199983,-0.0103507572416456
0.0052729917765697,8.66643823644738e-05,-0.0092806841699901
0.0047250282744949,-0.000134870297547,-0.008276099439712
0.0041860358224757,-0.0003503768349338,-0.0073365237559366
0.003657214049688,-0.00055969145429,-0.0064612637248703
0.0031396737905485,-0.0007626632178148,-0.0056494262668998
0.002634434904464,-0.0009591500382824,-0.0048999344579658
0.0021424254073641,-0.0011490153649418,-0.0042115444057379
0.0016644818330685,-0.0013321255995832,-0.0035828627650045
0.0012013507089756,-0.001508348269182,-0.0030123645082316
0.0007536910045497,-0.0016775509524828,-0.0024984105907453
0.0003220773928832,-0.0018396009313827,-0.0020392651834734
-9.29958448822535e-05,-0.0019943655146843,-0.0016331121875218
-0.0004911104456353,-0.0021417129622566,-0.0012780707918381
-0.0008719194906669,-0.0022815139222002,-0.0009722098856418
-0.0012351425926526,-0.0024136432824609,-0.0007135611890653
-0.0015805610891498,-0.0025379823314776,-0.0005001310166065
-0.0019080133702174,-0.0026544211197729,-0.0003299106368157
-0.0022173904466797,-0.002762860915628,-0.0002008852366365
-0.0025086318427734,-0.0028632166527653,-0.0001110415388103
-0.0027817218734853,-0.002955419275821,-5.83741548281933e-05
-0.0030366863437727,-0.0030394178998159,-4.08907834843084e-05
-0.0032735896849074,-0.0031151817122384,-5.6616385841647e-05
-0.0034925325231233,-0.0031827015601633,-0.0001035964813338
-0.0036936496581537,-0.0032419911794577,-0.0001798997170168
-0.0038771084145236,-0.0032930880379941,-0.000283619863074
-0.0040431073169053,-0.0033360537793997,-0.0004128773831899
-0.0041918750325407,-0.0033709742677237,-0.0005658207190681
-0.0043236695186872,-0.0033979592461211,-0.0007406274150483
-0.0044387773110943,-0.0034171416338824,-0.0009355051923474
-0.0045375128904235,-0.0034286764956476,-0.0011486930638541
-0.0046202180669561,-0.0034327397242436,-0.0013784625605321
-0.0046872613294844,-0.0034295264841984,-0.0016231191201993
-0.0047390371115311,-0.0034192494665884,-0.0018810036695276
-0.004775964936513,-0.0034021370075184,-0.0021504944112433
-0.0047984884127221,-0.0033784311223424,-0.0024300088112805
-0.004807074058576,-0.0033483855058613,-0.0027180057655117
-0.0048022099481041,-0.0033122635453974,-0.0030129879129947
-0.0047844041757033,-0.0032703363890887,-0.0033135040526449
-0.0047541831475247,-0.0032228811062154,-0.0036181516129671
-0.0047120897141725,-0.0031701789701573,-0.0039255791199596
-0.0046586811655425,-0.0031125138879317,-0.0042344886064137
-0.0045945271134623,-0.0030501709934549,-0.0045436379063978
-0.004520207291268,-0.002983435414941,-0.0048518427814632
-0.004436309301561,-0.0029125912204145,-0.0051579788297411
-0.0043434263441802,-0.0028379205393674,-0.0054609831352556
-0.004242154956002,-0.0027597028532828,-0.0057598556220986
-0.0041330927926714,-0.0026782144431977,-0.0060536600862272
-0.0040168364799311,-0.0025937279787761,-0.0063415248861803
-0.0038939795590382,-0.0025065122305506,-0.0066226432826431
-0.0037651105470203,-0.0024168318850792,-0.0068962734251899
-0.0036308111284207,-0.0023249474417434,-0.0071617379924503
-0.0034916544909031,-0.0022311151697227,-0.0074184234991297
-0.0033482038127947,-0.0021355871042627,-0.0076657792896062
-0.0032010109065084,-0.0020386110626072,-0.0079033162430847
-0.0030506150179301,-0.0019404306617865,-0.0081306052194371
-0.0028975417783891,-0.001841285322735,-0.0083472752778596
-0.0027423023028492,-0.0017414102478219,-0.0085530117023412
-0.0025853924254994,-0.0016410363617027,-0.0087475538687176
-0.0024272920620413,-0.0015403902083245,-0.0089306929878417
-0.0022684646866526,-0.0014396937998254,-0.0091022697582679
-0.0021093569108519,-0.0013391644158652,-0.0092621719599241
-0.0019503981512539,-0.0012390143545256,-0.0094103320176876
-0.0017920003734458,-0.0011394506382458,-0.0095467245607314
-0.0016345578998654,-0.0010406746802627,-0.0096713640001117
-0.0014784472705491,-0.0009428819186635,-0.0097843021434738
-0.0013240271468727,-0.0008462614264061,-0.0098856258620978
-0.0011716382498445,-0.0007509955065113,-0.0099754548219065
-0.0010216033260552,-0.0006572592820913,-0.0100539392866323
-0.0008742271359742,-0.0005652202909605,-0.010121257998172
-0.0007297964608325,-0.0004750380943163,-0.0101776161363253
-0.0005885801258004,-0.0003868639084105,-0.0102232433576602
-0.0004508290384979,-0.000300840267308,-0.0102583919112275
-0.0003167762430369,-0.0002171007237895,-0.0102833348272477
-0.0001866369907519,-0.0001357695942645,-0.0102983641737449
-6.06088295203796e-05,-5.69617522574183e-05,-0.0103037893753643
6.11282859014987e-05,1.92175263181525e-05,-0.0102999355882683
0.0001784118598018,9.26726642425513e-05,-0.0102871421250206
0.0002910966948707,0.0001633178298888,-0.010265760923686
0.0003990547022635,0.0002310769306332,-0.0102361550559486
0.0005021746799007,0.0002958835545953,-0.0101986972698282
0.0006003620569362,0.0003576808635121,-0.0101537685634947
0.0006935386028325,0.000416421440373,-0.0101017567876908
0.0007816421000721,0.0004720670961023,-0.01004305527532
0.0008646259801658,0.0005245886400498,-0.0099780614977999
0.0009424589232743,0.0005739656193597,-0.0099071757487646
0.0010151244224044,0.000620186032417,-0.0098307998566035
0.0010826203137497,0.0006632460215549,-0.0097493359281115
0.0011449582753069,0.0007031495500361,-0.0096631851261737
0.0012021632963861,0.0007399080680394,-0.0095727464849095
0.0012542731210406,0.0007735401719905,-0.0094784157660429
0.001301337668757,0.0008040712611089,-0.0093805843604498
0.0013434184359739,0.0008315331945178,-0.0092796382388627
0.0013805878821235,0.0008559639517042,-0.0091759569556005
0.0014129288039326,0.0008774072985443,-0.0090699127089444
0.0014405337016762,0.000895912460547,-0.0089618694614255
0.0014635041409554,0.0009115338044274,-0.008852182122837
0.0014819501133905,0.0009243305286236,-0.0087411957982567
0.0014959893993817,0.0009343663629237,-0.0086292451027914
0.0015057469358129,0.0009417092769869,-0.0085166535441405
0.001511354191267,0.000946431197224,-0.00840373297346
0.0015129485510022,0.0009486077312611,-0.0082907831043899
0.0015106727136074,0.0009483178990353,-0.0081780910995198
0.0015046741009369,0.0009456438694739,-0.0080659312230138
0.0014951042826167,0.0009406707016708,-0.0079545645576125
0.0014821184161267,0.0009334860895018,-0.0078442387837861
0.0014658747032092,0.0009241801086994,-0.007735188018431
0.001446533863125,0.0009128449655333,-0.0076276327101944
0.001424258623087,0.0008995747464012,-0.0075217795882699
0.0013992132260443,0.0008844651678225,-0.0074178216613361
0.0013715629558687,0.0008676133265279,-0.0073159382632099
0.0013414736799043,0.0008491174495519,-0.0072162951417407
0.0013091114087839,0.0008290766444389,-0.0071190445874918
0.0012746418733846,0.0008075906498783,-0.0070243255988192
0.0012382301187842,0.0007847595872645,-0.0069322640800657
0.0012000401150941,0.0007606837138428,-0.0068429730697325
0.0011602343850637,0.000735463178238,-0.006756552995658
0.0011189736483898,0.0007091977792713,-0.0066730919544241
0.0010764164827003,0.0006819867290489,-0.0065926660124059
0.0010327190012251,0.0006539284213512,-0.006515339526088
0.0009880345472013,0.0006251202063688,-0.006441165479469
0.0009425134050986,0.0005956581728162,-0.0063701858365738
0.0008963025287725,0.0005656369384124,-0.0063024319072738
0.0008495452866705,0.000535149449656,-0.0062379247247848
0.0008023812242258,0.0005042867917311,-0.0061766754333628
0.0007549458435634,0.0004731380092831,-0.0061186856848489
0.0007073704006328,0.0004417899386842,-0.0060639480428281
0.0006597817198525,0.0004103270522865,-0.0060124463932565
0.0006123020263165,0.0003788313150317,-0.0059641563604858
0.0005650487955697,0.0003473820536567,-0.0059190457276681
0.0005181346209066,0.0003160558386078,-0.0058770748605644
0.0004716670980924,0.0002849263786588,-0.0058381971338029
0.0004257487273428,0.0002540644281112,-0.0058023593586497
0.0003804768323409,0.0002235377063586,-0.0057695022113564
0.0003359434960008,0.0001934108295073,-0.0057395606611489
0.0002922355126319,0.0001637452536681,-0.0057124643969154
0.0002494343560943,0.000134599229478,-0.005688138251645
0.0002076161634826,0.0001060277673581,-0.0056665026236596
0.0001668517338265,7.8082612987021e-05,-0.0056474738936819
0.0001272065412467,5.08122324453107e-05,-0.0056309648367779
8.87407619731995e-05,2.42618064815538e-05,-0.0056168850282222
5.15093145927863e-05,-1.52676664736367e-06,-0.0056051412423463
1.55619128751281e-05,-2.65148602955747e-05,-0.005595637843448
-1.90568694998072e-05,-5.06671010211712e-05,-0.0055882771678722
-5.23075229978569e-05,-7.39513431403071e-05,-0.0055829598964056
-8.41555157647455e-05,-9.63386366995171e-05,-0.0055795854161737
-0.0001145711973335,-0.0001178031892901,-0.0055780521712779
-0.0001435296931976,-0.0001383223220947,-0.0055782580014703
-0.0001710107909347,-0.0001578764205208,-0.0055801004682231
-0.0001969988185554,-0.0001764488797465,-0.0055834771676222
-0.0002214825157372,-0.000194026045471,-0.0055882860295832
-0.0002444548985889,-0.0002105971501377,-0.0055944256029631
-0.0002659131185714,-0.0002261542448759,-0.0056017953262184
-0.0002858583161852,-0.0002406921273879,-0.0056102957833337
-0.0003042954700115,-0.000254208265996,-0.0056198289448253
-0.0003212332416791,-0.0002667027200544,-0.0056302983936924
-0.0003366838173055,-0.0002781780569281,-0.0056416095362652
-0.0003506627459449,-0.0002886392657381,-0.0056536697979639
-0.0003631887755558,-0.0002980936680782,-0.005666388804049
-0.0003742836869832,-0.0003065508259126,-0.0056796785454994
-0.0003839721264333,-0.0003140224468744,-0.0056934535302139
-0.0003922814369026,-0.0003205222871927,-0.0057076309197761
-0.0003992414890073,-0.0003260660524911,-0.0057221306520703
-0.0004048845116424,-0.0003306712967087,-0.0057368755500709
-0.000409244922887,-0.0003343573194088,-0.0057517914171637
-0.0004123591615565,-0.0003371450617493,-0.0057668071193828
-0.0004142655197879,-0.0003390570014012,-0.0057818546549714
-0.0004150039770307,-0.0003401170467061,-0.005796869211691
-0.0004146160358006,-0.0003403504303703,-0.0058117892123194
-0.0004131445595395,-0.0003397836029977,-0.0058265563487873
-0.0004106336129101,-0.0003384441267622,-0.0058411156054084
-0.0004071283048368,-0.0003363605695192,-0.0058554152716658
-0.0004026746345912,-0.0003335623996516,-0.0058694069450143
-0.000397319341203,-0.000330079881937,-0.0058830455241622
-0.0003911097564601,-0.0003259439747148,-0.0058962891932903
-0.0003840936617463,-0.0003211862286185,-0.0059090993976649
-0.0003763191489458,-0.000315838687126,-0.0059214408110981
-0.0003678344856284,-0.0003099337891638,-0.0059332812957009
-0.000358687984708,-0.0003035042739858,-0.0059445918543734
-0.0003489278787532,-0.0002965830885271,-0.0059553465764691
-0.0003386021991058,-0.0002892032974177,-0.0059655225770649
-0.0003277586599492,-0.0002813979958195,-0.0059750999302662
-0.0003164445474478,-0.0002732002252326,-0.005984061596968
-0.00030470661406,-0.000264642892396,-0.0059923933474911
-0.0002925909781135,-0.0002557586913933,-0.0060000836795068
-0.0002801430287085,-0.0002465800290521,-0.0060071237316593
-0.0002674073360032,-0.0002371389537118,-0.0060135071932908
-0.0002544275669144,-0.0002274670874181,-0.0060192302106684
-0.0002412464062536,-0.000217595561587,-0.0060242912901107
-0.0002279054833014,-0.0002075549561694,-0.0060286911984018
-0.0002144453038092,-0.0001973752423328,-0.006032432860879
-0.0002009051874028,-0.0001870857286682,-0.0060355212575732
-0.0001873232103485,-0.0001767150109175,-0.0060379633177732
-0.0001737361536304,-0.0001662909252104,-0.006039767813378
-0.0001601794562739,-0.0001558405047908,-0.0060409452513947
-0.0001466871738419,-0.0001453899402042,-0.0060415077659268
-0.000133291942015,-0.000134964542916,-0.0060414690099911
-0.000120024945162,-0.0001245887123194,-0.0060408440474876
-0.0001069158897938,-0.0001142859060915,-0.0060396492456372
-9.39929827869905e-05,-0.0001040786138488,-0.0060379021681861
-8.12829142552397e-05,-9.398833405078e-05,-0.0060356214696659
-6.88108449391297e-05,-8.40355540959186e-05,-0.0060328267909805
-5.66003979780962e-05,-7.42397335512518e-05,-0.0060295386565783
-4.46736549227612e-05,-6.461929045197e-05,-0.0060257783734507
-3.30511558400107e-05,-5.51915906056612e-05,-0.0060215679321842
-2.17519033585175e-05,-4.59729398311828e-05,-0.0060169299102735
-1.07933704981216e-05,-3.69785790590824e-05,-0.0060118873778906
-1.91512122782366e-07,-2.82226822168866e-05,-0.0060064638062841
1.00392201463386e-05,-1.97183568190081e-05,-0.0060006829789693
1.9885859723729e-05,-1.1477647177429e-05,-0.0059945689058518
2.93369037264888e-05,-3.51154014573653e-06,-0.0059881457404104
3.83822886852e-05,4.17002669448745e-06,-0.0059814377000509
4.70133634696302e-05,1.15581544993866e-05,-0.0059744689897252
5.52228596008713e-05,1.86449703785145e-05,-0.0059672637288962
6.30048591217376e-05,2.54236124615385e-05,-0.0059598458819133
7.03547601970398e-05,3.18882129200171e-05,-0.0059522391918511
7.72692406147306e-05,3.80338790510586e-05,-0.0059444671178496
8.37462193579015e-05,4.38566725321145e-05,-0.0059365527759816
8.97848164162121e-05,4.93535869582779e-05,-0.0059285188836621
9.53853110035739e-05,5.45225237751943e-05,-0.0059203877076026
0.0001005490983468,5.93622667220473e-05,-0.0059121810153029
0.0001052786452075,6.38724548999988e-05,-0.0059039200300642
0.000109577444297,6.80535545819699e-05,-0.0058956253894963
0.0001134499677401,7.19068298796918e-05,-0.0058873171074865
0.0001169016197419,7.54343123835847e-05,-0.005879014539585
0.0001199386886065,7.86387698902093e-05,-0.0058707363517605
0.0001225682982541,8.15236743308072e-05,-0.0058625004924678
0.0001247983593775,8.40931690128238e-05,-0.0058543241679652
0.0001266375203763,8.63520352843078e-05,-0.0058462238208143
0.0001280951182021,8.83056587287477e-05,-0.0058382151114882
0.0001291811292425,8.9959994995255e-05,-0.005830312903009
0.0001299061203683,9.13215353660655e-05,-0.0058225312485334
0.0001302812002626,9.23972721601745e-05,-0.0058148833817971
0.0001303179711468,9.31946640685252e-05,-0.0058073817103285
0.0001300284810097,9.37216015126362e-05,-0.005800037811336
0.0001294251764467,9.39863721148507e-05,-0.0057928624301721
0.0001285208562047,9.3997626364603e-05,-0.0057858654812728
0.0001273286255267,9.37643435612298e-05,-0.0057790560514689
0.000125861851384,9.32957981099256e-05,-0.0057724424055642
0.0001241341186771,9.26015262435115e-05,-0.0057660319940717
0.0001221591874826,9.16912932387348e-05,-0.0057598314629995
0.000119950951417,9.05750611918851e-05,-0.0057538466655742
0.0001175233971835,8.92629574146227e-05,-0.0057480826757915
0.0001148905653611,8.77652435070492e-05,-0.0057425438036791
0.0001120665124917,8.60922851612533e-05,-0.0057372336121604
0.0001090652745146,8.42545227448097e-05,-0.0057321549354043
0.000105900831592,8.22624427100355e-05,-0.0057273098985484
0.0001025870743653,8.01265498711724e-05,-0.0057226999386824
9.91377716755041e-05,7.7857340588123e-05,-0.0057183258269805
9.55665397766056e-05,7.54652768918697e-05,-0.0057141876918702
9.18868130665975e-05,7.29607615832793e-05,-0.0057102850431298
8.81118163542044e-05,7.03541143336362e-05,-0.0057066167968057
8.42545386766128e-05,6.76555488119307e-05,-0.0057031813008434
8.0327708677865e-05,6.48751508606973e-05,-0.0056999763613293
7.63437715535561e-05,6.20228577389928e-05,-0.0056969992692424
7.23148675631915e-05,5.91084384479778e-05,-0.0056942468276159
6.82528121074993e-05,5.61414751514834e-05,-0.0056917153790149
6.41690773640777e-05,5.3131345700927e-05,-0.005689400833237
6.00747754710235e-05,5.00872072709731e-05,-0.0056872986951462
5.59806432446113e-05,4.70179811094301e-05,-0.005685404092556
5.18970284136991e-05,4.39323384020475e-05,-0.0056837118040772
4.78338773503106e-05,4.08386872500898e-05,-0.0056822162868543
4.3800724272797e-05,3.77451607558804e-05,-0.0056809117041136
3.98066818951116e-05,3.46596062088759e-05,-0.0056797919524534
3.58604334930321e-05,3.15895753623133e-05,-0.0056788506888089
3.19702263556502e-05,2.85423157879997e-05,-0.0056780813570272
2.81438665881019e-05,2.55247632944942e-05,-0.0056774772139948
2.43887152293388e-05,2.25435353916599e-05,-0.0056770313552604
2.07116856467479e-05,1.96049257824346e-05,-0.0056767367401024
1.71192421675899e-05,1.671489986064e-05,-0.0056765862159917
1.36173999055702e-05,1.38790911917341e-05,-0.0056765725424069
1.02117257393559e-05,1.11027989516303e-05,-0.0056766884139603
6.90734039851744e-06,8.39098629703968e-06,-0.005676926482798
3.70892161119701e-06,5.74827963926663e-06,-0.0056772793802415
6.20708266785854e-07,3.17896879197707e-06,-0.0056777397376389
-2.3534944539769e-06,6.87007962196456e-07,-0.0056783002064014
-5.21030902978904e-06,-1.72398244735042e-06,-0.0056789534772008
-7.94677867933203e-06,-4.05071325744547e-06,-0.0056796922983079
-1.05603596208896e-05,-6.29022318690094e-06,-0.0056805094930556
-1.30489125606403e-05,-8.43987481690812e-06,-0.005681397976412
-1.54106934593853e-05,-1.04973498803475e-05,-0.0056823507706546
-1.76443436275017e-05,-1.2460643911699e-05,-0.0056833610201355
-1.97488791978114e-05,-1.43280602935577e-05,-0.0056844220051335
-2.17236800258407e-05,-1.60982037360381e-05,-0.0056855271547918
-2.35684780666047e-05,-1.77699732255017e-05,-0.005686670059139
-2.52833452766048e-05,-1.93425544790876e-05,-0.0056878444801982
-2.68686810891705e-05,-2.08154119414855e-05,-0.0056890443621889
-2.83251995106155e-05,-2.21882803602374e-05,-0.0056902638408275
-2.96539158839244e-05,-2.34611559756275e-05,-0.0056914972517383
-3.08561333658332e-05,-2.46342873609002e-05,-0.0056927391379845
-3.19334291622338e-05,-2.57081659481453e-05,-0.0056939842567343
-3.28876405658103e-05,-2.66835162747211e-05,-0.0056952275850767
-3.37208508387242e-05,-2.75612859845437e-05,-0.0056964643250043
-3.44353749819979e-05,-2.83426356179737e-05,-0.0056976899075821
-3.5033745432016e-05,-2.90289282233526e-05,-0.005698899996323
-3.55186977232737e-05,-2.96217188225332e-05,-0.0057000904897909
-3.58931561551586e-05,-3.0122743761962e-05,-0.0057012575234554
-3.6160219499159e-05,-3.05339099800673e-05,-0.0057023974708215
-3.63231467814571e-05,-3.08572842208227e-05,-0.0057035069438607
-3.63853431743933e-05,-3.10950822224693e-05,-0.0057045827927688
-3.63503460287845e-05,-3.12496579094154e-05,-0.0057056221050777
-3.62218110775448e-05,-3.132349261437e-05,-0.0057066222041505
-3.60034988395093e-05,-3.1319184356756e-05,-0.0057075806470855
-3.56992612507875e-05,-3.1239437202397e-05,-0.0057084952220616
-3.53130285493942e-05,-3.10870507284316e-05,-0.0057093639451516
-3.48487964373174e-05,-3.08649096163019e-05,-0.0057101850566348
-3.43106135425889e-05,-3.05759733945746e-05,-0.0057109570168385
-3.37025692023378e-05,-3.02232663522206e-05,-0.0057116785015385
-3.30287815862166e-05,-2.98098676418528e-05,-0.005712348396948
-3.22933861780216e-05,-2.93389015912655e-05,-0.0057129657943263
-3.15005246317615e-05,-2.88135282404785e-05,-0.0057135299842359
-3.06543340168868e-05,-2.82369341203148e-05,-0.0057140404504785
-2.97589364658641e-05,-2.76123232873892e-05,-0.0057144968637388
-2.8818429235779e-05,-2.69429086292244e-05,-0.0057148990749649
-2.78368751941741e-05,-2.62319034520423e-05,-0.0057152471085154
-2.68182937378774e-05,-2.54825133626421e-05,-0.0057155411550984
-2.57666521521633e-05,-2.46979284546228e-05,-0.0057157815645325
-2.46858574162009e-05,-2.38813158080856e-05,-0.0057159688383562
-2.35797484593978e-05,-2.30358123108284e-05,-0.0057161036223098
-2.24520888719343e-05,-2.21645178079505e-05,-0.0057161866987189
-2.13065600715148e-05,-2.12704885857023e-05,-0.0057162189788008
-2.01467549271277e-05,-2.03567311943651e-05,-0.0057162014949204
-1.89761718394227e-05,-1.94261966139005e-05,-0.0057161353928169
-1.77982092761644e-05,-1.84817747651121e-05,-0.0057160219238254
-1.66161607601284e-05,-1.75262893680784e-05,-0.0057158624371129
-1.54332103057476e-05,-1.65624931486683e-05,-0.005715658371951
-1.42524282998163e-05,-1.55930633930288e-05,-0.0057154112500445
-1.30767678206e-05,-1.462059784906e-05,-0.0057151226679337
-1.19090613887904e-05,-1.36476109730271e-05,-0.0057147942894896
-1.07520181428878e-05,-1.26765305186584e-05,-0.0057144278385179
-9.60822143078173e-06,-1.17096944652909e-05,-0.0057140250914885
-8.48012680854373e-06,-1.07493482808893e-05,-0.0057135878704045
-7.37006043673601e-06,-9.79764251505314e-06,-0.0057131180358251
