0.0,0.0,0.0
0.0,0.0,0.0
0.0,0.0,0.0
0.0,0.0,0.0
0.0,0.0,0.0
0.0,0.0,0.0
0.0,0.0,0.0
0.0,0.0,0.0
0.0,0.0,0.0
0.0,0.0,0.0
0.0,0.0,0.0
0.0,0.0,0.0
0.0,0.0,0.0
0.0,0.0,0.0
0.0,0.0,0.0
0.0,0.0,0.0
0.0,0.0,0.0
0.0,0.0,0.0
0.0,0.0,0.0
0.0,0.0,0.0
0.0,-0.0003197518067727,0.0
-9.53881126876465e-07,-0.0022195768530551,0.0002543678815599
-6.32192354531772e-06,-0.0040879515591184,0.0008850569693081
-1.97912284576865e-05,-0.0059206815109066,0.0018841018963681
-4.49396486674333e-05,-0.00771373815449,0.0032419879717902
-8.52212803073655e-05,-0.0094632754097022,0.0049477093415044
-0.000143952651734,-0.0111656452968282,0.0069888332072193
-0.0002242996640965,-0.0128174125167601,0.009351569754884
-0.0003292653341772,-0.0144153679303119,0.0120208474224256
-0.0004616783860064,-0.015956540887852,0.0149803931164426
-0.0006241827334913,-0.0174382103660358,0.0182128169694509
-0.0008192278918929,-0.0188579148741877,0.0216997012131983
-0.0010490603514548,-0.0202134610987488,0.025421692729545
-0.0013157159418541,-0.0215029312601589,0.0293585988284851
-0.0016210132114355,-0.0227246891625477,0.0334894857930932
-0.0019665478404115,-0.0238773849226398,0.0377927797235432
-0.0023536881024108,-0.0249599583703074,0.0422463692068732
-0.0027835713839279,-0.0259716411192098,0.0468277093358656
-0.0032571017664121,-0.0269119573119033,0.0515139265992647
-0.0037749486709469,-0.0277807230496751,0.0562819241665531
-0.0043375465607285,-0.0285780445231139,0.0611084870936183
-0.0049450956918856,-0.0293043148650649,0.0659703869808412
-0.0055975638986002,-0.0299602097530902,0.0708444856223629
-0.0062946893940204,-0.03054668179386,0.0757078371945053
-0.0070359845641145,-0.0310649537269972,0.0805377885424569
-0.0078207407274188,-0.0315165104907847,0.0853120771373221
-0.0086480338296003,-0.0319030901967835,0.0900089262904011
-0.0095167310379019,-0.0322266740647981,0.0946071372280223
-0.0104254981968838,-0.0324894753737358,0.0990861776483084
-0.0113728081034217,-0.0326939274877288,0.103426266400819
-0.0123569495557041,-0.0328426710204048,0.10760845395098
-0.0133760371279753,-0.0329385402033945,0.111614698313459
-0.0144280216200294,-0.0329845485280361,0.115427936162103
-0.0155107011279722,-0.0329838737317761,0.119032148848534
-0.0166217326805414,-0.0329398422029559,0.12241242308697
-0.0177586443833234,-0.032855912879515,0.125555006089091
-0.0189188480115279,-0.0327356607186269,0.128447354959747
-0.0200996519905885,-0.0325827598154101,0.131078180191836
-0.021298274702745,-0.0324009662496232,0.133437483126637
-0.0225118580569459,-0.032194100739659,0.135516587274203
-0.0237374812588699,-0.0319660311832017,0.137308163416842
-0.0249721747176229,-0.0317206551636049,0.138806248447265
-0.0262129340257025,-0.0314618825003941,0.140006257921396
-0.0274567339491451,-0.031193617921296,0.140904992334107
-0.0287005423653693,-0.0309197439318668,0.141500637154023
-0.0299413340871008,-0.030644103957131,0.141792756681035
-0.0311761045119015,-0.0303704858276666,0.141782281817064
-0.0324018830382224,-0.0301010732357874,0.141471491866812
-0.0336157424217531,-0.0298287909983516,0.140862775735007
-0.034814788303588,-0.0295391339603498,0.139956737251547
-0.0359961391153078,-0.029219911875697,0.138751893135905
-0.0371569072669893,-0.0288613355817331,0.137245141253952
-0.0382941853899543,-0.0284558672496958,0.135432227875425
-0.0394050372053476,-0.0279981077085388,0.133308191451388
-0.0404864927714336,-0.0274846928355089,0.130867786435757
-0.0415355478830582,-0.0269141824673308,0.128105886324742
-0.0425491673763205,-0.026286932951423,0.125017862635752
-0.0435242920535378,-0.0256049495894937,0.12159993536665
-0.0444578488986298,-0.0248717186510493,0.117849490150692
-0.0453367370574368,-0.0240920205627021,0.113765716777114
-0.0461251915999345,-0.0232716981996952,0.109354505094429
-0.0467888497143897,-0.0224173678356591,0.104630024477247
-0.0473045550695799,-0.0215361281161806,0.0996138495281344
-0.0476661132611996,-0.0206352970002693,0.0943315869157646
-0.0478719306850329,-0.0197221927545559,0.0888110464630862
-0.0479207093815437,-0.0188039372407445,0.0830817744730869
-0.047811461923628,-0.0178872769338511,0.0771749356153926
-0.0475435249499608,-0.0169784228838154,0.071123158000643
-0.0471165709071786,-0.0160829124108449,0.0649603458537252
-0.0465306177128864,-0.0152054948829044,0.0587214647451396
-0.0457860361053795,-0.0143500443553312,0.0524423049028182
-0.0448835545055799,-0.0135195017359276,0.0461592287528932
-0.043826092580166,-0.0127158476715206,0.039908872685932
-0.0426245431981819,-0.0119401113205566,0.0337267347724185
-0.0412948781718065,-0.0111924252397668,0.0276456620735287
-0.0398539224329927,-0.0104721141150089,0.0216951585484639
-0.0383189213114485,-0.0097778069331243,0.0159011069232892
-0.0367071016617747,-0.0091075649642994,0.0102856023436021
-0.0350352573080768,-0.0084590198624398,0.0048668983953483
-0.033319377411018,-0.0078295160946968,-0.0003405399129649
-0.0315743292506499,-0.0072162522040395,-0.0053258857045713
-0.0298136050818629,-0.0066164158768161,-0.0100817148426347
-0.0280491423007357,-0.0060273083812669,-0.0146037011211084
-0.0262912210667903,-0.0054464546533473,-0.0188902597663715
-0.0245484353273917,-0.0048716961281836,-0.0229421576661725
-0.0228277267237521,-0.0043012643079702,-0.0267621076468913
-0.0211344692553582,-0.0037338339529751,-0.0303543621106851
-0.0194725937751599,-0.0031685556237875,-0.0337243191791643
-0.0178447428289107,-0.0026050680621891,-0.0368781524374718
-0.0162524473514765,-0.0020434915636095,-0.0398224734140707
-0.0146963174612926,-0.001484404058822,-0.0425640340194968
-0.013176240236775,-0.0009288020807287,-0.0451094742884905
-0.0116915780060534,-0.0003780491400342,-0.0474651189388147
-0.0102413613485506,0.0001661857299558,-0.0496368245029833
-0.0088244709992995,0.0007019963708531,-0.0516298770945006
-0.0074398022449938,0.0012273119220894,-0.0534489390469343
-0.0060864058479546,0.0017399704215046,-0.0550980408104748
-0.0047636013439154,0.0022377909040238,-0.0565806129211115
-0.0034710606405286,0.0027186415767323,-0.0578995517324015
-0.0022088615874881,0.0031805019786468,-0.0590573119129946
-0.0009775125870033,0.0036215174151807,-0.0600560184109081
0.0002220495700289,0.0040400443708989,-0.0608975906141781
0.0013884855906256,0.0044346860310246,-0.061583871748519
0.0025200996056656,0.0048043174651578,-0.0621167570985173
0.0036149010429681,0.0051481004304791,-0.062498315371599
0.0046706781574066,0.0054654881231391,-0.0627308983948397
0.0056850789241727,0.0057562205347791,-0.0628172352954473
0.0066556951688609,0.0060203113479331,-0.0627605083202792
0.0075801461195914,0.0062580275238279,-0.0625644084555974
0.0084561579921537,0.0064698628958112,-0.0622331699778362
0.0092816367289953,0.0066565071807683,-0.0617715839675319
0.0100547315776196,0.0068188118611451,-0.0611849916259075
0.0107738877862655,0.0069577543752655,-0.0604792589272603
0.0114378872897488,0.0070744019888594,-0.0596607347067762
0.0120458768340424,0.0071698766127489,-0.0587361947150718
0.0125973835257581,0.0072453216880864,-0.0577127744655588
0.0130923182765132,0.0073018720896004,-0.056597893861564
0.0135309680296534,0.0073406278074481,-0.0553991766244613
0.0139139960206206,0.0073626319679125,-0.054124367463197
0.0142439880289751,0.0073688536514666,-0.0527811799102702
0.0145269306744393,0.0073601802720148,-0.0513765313136145
0.0147682097464898,0.0073374207170886,-0.0499163789620676
0.0149722031870486,0.0073013113214926,-0.0484058613218815
0.0151424666613344,0.0072525231005585,-0.0468494666804147
0.0152818856792612,0.0071916698889691,-0.0452511696601626
0.0153928003039054,0.007119317271822,-0.0436145418447299
0.0154771074058174,0.0070359920709269,-0.0419428416241395
0.0155363445271676,0.0069421920877142,-0.040239087413207
0.0155717586867232,0.0068383957756459,-0.0385061175964402
0.0155843628559548,0.0067250715125686,-0.0367466398826038
0.0155749823440575,0.0066026861614787,-0.0349632721923974
0.0155442929256569,0.0064717126420528,-0.0331585767376442
0.0154928522133563,0.0063326362809984,-0.0313350885666881
0.0154211255049544,0.0061859597631946,-0.0294953395372389
0.0153295071113848,0.0060322065644154,-0.0276418784252222
0.015218337987481,0.0058719228071688,-0.0257772876781694
0.0150879203363942,0.0057056775411495,-0.0239041971671941
0.0149385297340959,0.0055340615066193,-0.0220252951763124
0.0147704252181081,0.0053576844906891,-0.0201433367860522
0.0145838577005649,0.0051771714313301,-0.0182611497547439
0.0143790769967438,0.0049931574607952,-0.0163816379707625
0.0141563377037098,0.0048062821097109,-0.0145077825379658
0.0139159041175833,0.0046171829164726,-0.0126426405611109
0.0136580543404108,0.0044264886998243,-0.0107893417147374
0.0133830836972562,0.0042348127514577,-0.0089510827036493
0.0130913075597303,0.0040427461915282,-0.0071311197516679
0.0127830636527235,0.0038508517066366,-0.0053327592844507
0.0124587139057537,0.0036596578601427,-0.0035593469994296
0.0121186458983499,0.0034696541310177,-0.0018142555395265
0.0117632739396738,0.0032812868016472,-0.0001008710060613
0.0113930398155931,0.0030949557785871,0.0015774214406123
0.0110084132312473,0.0029110123944876,0.0032172526371113
0.0106098919733913,0.0027297582053093,0.0048152848730547
0.0101980018141741,0.0025514447654269,0.0063682274954725
0.0097732961762223,0.0023762743349666,0.0078728524204489
0.0093363555777416,0.002204401449304,0.0093260093263528
0.0088877868756329,0.0020359352604516,0.010724640322781
0.0084282223241919,0.0018709425443259,0.0120657939125985
0.0079583184667014,0.0017094512566902,0.0133466380903443
0.0074787548770316,0.0015514545138675,0.0145644724478945
0.0069902327681693,0.0013969148719276,0.0157167391867719
0.0064934734843391,0.0012457687796744,0.0168010329650077
0.00598921689303,0.0010979310860045,0.0178151095342252
0.0054782196927727,0.0009532994906039,0.0187568931489278
0.0049612536519138,0.0008117588379642,0.019624482754223
0.0044391037929193,0.000673185167775,0.0204161569799199
0.0039125665358992,0.0005374494492851,0.0211303779877119
0.0033824478141138,0.0004044209426561,0.0217657942337489
0.0028495611732109,0.0002739701460881,0.0223212422211745
0.0023147258648756,0.0001459713030594,0.0227957473261228
0.0017787649444795,2.03044589291948e-05,0.0231885237863244
0.0012425033812195,-0.0001031429300114,0.0234989739440209
0.000706766188155,-0.0002244748195086,0.0237266868345852
0.0001723765785197,-0.0003437858060268,0.023871436209414
-0.0003598458462909,-0.0004611607258844,0.0239331780766409
-0.0008890868725496,-0.000576674582602,0.0239120478364262
-0.0014145394101383,-0.0006903927552085,0.0238083570794189
-0.0019354051856009,-0.0008023714372099,0.0236225901078644
-0.0024508963899016,-0.0009126582547426,0.0233554002291672
-0.0029602372789725,-0.0010212930129907,0.0230076058618779
-0.0034626657255217,-0.0011283085220468,0.0225801864844246
-0.0039574347208523,-0.0012337314568421,0.0220742784477397
-0.0044438138256367,-0.0013375832103083,0.0214911706645324
-0.0049210905686981,-0.0014398807043381,0.0208323001805137
-0.0053885717928861,-0.0015406371291001,0.0200992476265739
-0.0058455849471121,-0.001639862587618,0.0192937325458394
-0.0062914793235418,-0.0017375646289862,0.0184176085857577
-0.0067256272388413,-0.0018337486599522,0.0174728585428864
-0.0071473487256158,-0.0019284182306615,0.0164615892468513
-0.0075535082276278,-0.0020215748865478,0.0153861640728598
-0.0079363966294892,-0.0021132107114245,0.0142501929712934
-0.0082890105909996,-0.0022032918174061,0.0130587462796795
-0.0086057141169473,-0.0022917430136052,0.0118181463014626
-0.0088821558908361,-0.0023784358388049,0.0105356928456073
-0.0091152027475785,-0.002463180388501,0.0092194013583156
-0.0093028706824008,-0.0025457208929095,0.0078777532074274
-0.0094442451244036,-0.0026257349731948,0.0065194602809198
-0.0095393879589513,-0.0027028364130069,0.0051532470732093
-0.0095892319705618,-0.0027765811805558,0.0037876535496439
-0.0095954650820479,-0.0028464763380223,0.0024308616971559
-0.009560407597157,-0.00291199138932,0.0010905480203776
-0.0094868859605666,-0.0029725715495843,-0.0002262365319727
-0.0093781065324465,-0.0030276523732036,-0.0015131585385462
-0.0092375326552785,-0.0030766751528963,-0.0027646660979028
-0.009068767943208,-0.003119102500113,-0.0039760257056259
-0.0088754482982487,-0.0031544335357405,-0.0051433335401537
-0.0086611446876731,-0.003182218157777,-0.0062635032464155
-0.0084292782284598,-0.003202069906827,-0.0073342327658921
-0.0081830486375298,-0.0032136770180277,-0.0083539531111745
-0.0079253766363705,-0.0032168113261922,-0.0093217622219598
-0.0076588605454939,-0.0032113347761472,-0.0102373471751176
-0.0073857476092362,-0.0031972033770396,-0.0111008981151261
-0.0071079208374309,-0.0031744685241369,-0.0119130174688464
-0.0068269012764938,-0.0031432756979836,-0.0126746280910879
-0.0065438644046018,-0.0031038606408582,-0.0133868838277823
-0.0062596684987274,-0.0030565431991743,-0.0140510856009597
-0.0059748923899381,-0.0030017191009205,-0.0146686055953986
-0.0056898798749951,-0.0029398500043845,-0.015240821531325
-0.0054047880897481,-0.0028714522051472,-0.0157690623900874
-0.0051196373146414,-0.0027970844211006,-0.0162545663548024
-0.0048343599361333,-0.0027173350896486,-0.0166984511606239
-0.0045488466016783,-0.0026328096078487,-0.0171016965379756
-0.0042629879575509,-0.0025441179263531,-0.0174651379900041
-0.0039767107292269,-0.0024518628735213,-0.0177894707813884
-0.003690007276979,-0.002356629539354,-0.0180752627342599
-0.0034029581208104,-0.0022589759926082,-0.018322974229596
-0.0031157472671299,-0.0021594255414106,-0.0185329836971872
-0.0028286704751782,-0.0020584606807853,-0.0187056168395606
-0.0025421368669171,-0.0019565188025359,-0.0188411778682945
-0.0022566645048629,-0.0018539896765272,-0.0189399811263776
-0.0019728707352594,-0.0017512146499552,-0.0190023816178065
-0.001691458218108,-0.001648487454749,-0.0190288031547598
-0.0014131976417055,-0.0015460564644782,-0.0190197630523791
-0.0011389081496506,-0.0014441282023318,-0.0189758925403354
-0.0008694364960195,-0.0013428718717303,-0.0188979523082443
-0.0006056358938692,-0.0012424246613805,-0.0187868428484843
-0.0003483454388006,-0.0011428975671044,-0.018643609495884
-9.83708793238541e-05,-0.0010443814732237,-0.0184694422810899
0.0001435326238497,-0.0009469532459681,-0.01826567090666
0.0003766752495681,-0.000850681609309,-0.0180337553170939
0.0006004444266389,-0.000755632598567,-0.0177752724627785
0.0008143136970576,-0.0006618744177061,-0.0174918999514996
0.0010178484660612,-0.0005694815608907,-0.01718539733957
0.0012107087011167,-0.0004785380960779,-0.0168575858389477
0.0013926487544679,-0.0003891400466255,-0.0165103272093641
0.0015635145779249,-0.0003013968446234,-0.0161455025688199
0.0017232386723785,-0.0002154318655881,-0.0157649917959576
0.0018718331672487,-0.0001313820871034,-0.015370654118411
0.0020093814568579,-4.93969429767627e-05,-0.0149643103871782
0.0021360288324818,3.0363531248302e-05,-0.014547727433352
0.0022519725422115,0.000107731146559,-0.0141226047950082
0.0023574516879342,0.0001825324741686,-0.0136905639932567
0.0024527373322974,0.0002545920884137,-0.0132531404315031
0.0025381231413103,0.0003237360002221,-0.0128117778944039
0.0026139168332335,0.0003897951452544,-0.0123678255357444
0.0026804326445779,0.0004526087982094,-0.0119225371697688
0.0027379849622277,0.0005120277962006,-0.0114770726198963
0.0027868832095428,0.0005679174688349,-0.0110325008331166
0.0028274280161217,0.0006201601898812,-0.0105898044379094
0.0028599086476746,0.0006686574843853,-0.0101498854078741
0.0028846016257557,0.000713331644959,-0.0097135714915223
0.0029017704280693,0.0007541268309706,-0.0092816230795263
0.0029116661294451,0.0007910096437649,-0.0088547402024902
0.0029145288216839,0.0008239691891987,-0.0084335693830949
0.0029105896372674,0.0008530166551538,-0.0080187101042202
0.0029000731970141,0.0008781844458351,-0.0076107206972593
0.0028832003044692,0.0008995249262581,-0.007210123500237
0.0028601907192558,0.000917108839173,-0.0068174091815522
0.0028312658566968,0.0009310234626648,-0.0064330401703853
0.0027966512805753,0.0009413705798354,-0.0060574531774656
0.002756578878697,0.0009482643324292,-0.005691060828643
0.0027112886357198,0.0009518290282112,-0.0053342524675219
0.0026610299433378,0.0009521969676269,-0.0049873942115237
0.0026060624132679,0.0009495063491006,-0.0046508283676887
0.0025466561826055,0.0009438993046291,-0.0043248723301159
0.002483091723185,0.0009355201085099,-0.004009817090238
0.0024156591859429,0.0009245135924958,-0.0037059254944346
0.0023446573274532,0.000911023790802,-0.0034134303812821
0.0022703920784938,0.0008951928285629,-0.0031325327236748
0.0021931748235547,0.0008771600579048,-0.0028633998898761
0.0021133204656523,0.0008570614370414,-0.0026061641231197
0.0020311453528069,0.0008350291399853,-0.0023609213225315
0.0019469651413706,0.0008111913777694,-0.0021277301897712
0.0018610926674118,0.0007856724066475,-0.0019066117867244
0.0017738358910234,0.000758592694655,-0.0016975495305995
0.0016854959702156,0.0007300692151996,-0.0015004896345858
0.0015963655114787,0.0007002158349871,-0.0013153419854184
0.0015067270336795,0.0006691437634988,-0.0011419814342426
0.0014168516711727,0.0006369620323173,-0.000980249464449
0.0013269981313182,0.0006037779747107,-0.0008299561899108
0.0012374119113991,0.0005696976788554,-0.0006908826294094
0.0011483247705833,0.0005348263917352,-0.0005627831980274
0.0010599544443227,0.0004992688549067,-0.0004453883538202
0.0009725045816587,0.0004631295577732,-0.0003384073379951
0.0008861648804118,0.0004265128985879,-0.0002415309488961
0.0008011113912565,0.0003895232479258,-0.0001544342940171
0.0007175069592017,0.0003522649136863,-7.67794697249483e-05
0.0006355017699538,0.0003148420106597,-8.21812501257169e-06
0.0005552339689343,0.0002773582412178,5.16061269324171e-05
0.0004768303221859,0.0002399165966789,0.0001030554776229
0.000400406890868,0.0002026189912896,0.0001464958928288
0.0003260696943057,0.0001655658425392,0.0001822952950713
0.0002539153404057,0.0001288556126528,0.0002108219638383
0.0001840316064817,9.25843266309341e-05,0.0002324431514519
0.0001164979579329,5.68450821333729e-05,0.000247523906493
5.13859966058244e-05,2.17275659130422e-05,0.0002564260916104
-1.12401651215635e-05,-1.26824095542554e-05,0.0002595075784905
-7.13236046188939e-05,-4.6303337041554e-05,0.0002571215997762
-0.0001288143602905,-7.90584026875064e-05,0.0002496162357909
-0.0001836692676049,-0.0001108758227633,0.0002373340129951
-0.0002358518512754,-0.000141689122686,0.0002206115911098
-0.0002853322632855,-0.0001714373540093,0.0001997795166749
-0.000332087255355,-0.0002000652472309,0.0001751620223469
-0.0003761001739334,-0.0002275233002561,0.0001470768533565
-0.0004173609658477,-0.0002537678042049,0.0001158351050846
-0.0004558661832626,-0.000278760809881,8.17410585538291e-05
-0.0004916189775571,-0.0003024700396132,4.50920036146826e-05
-0.0005246290730032,-0.0003248687502959,6.1780426233308e-06
-0.0005549127126649,-0.0003459355542875,-3.4718129668189e-05
-0.0005824925706349,-0.0003656542053732,-7.73214715483665e-05
-0.0006073976265013,-0.0003840133572633,-0.0001213648641769
-0.00062966299972,-0.0004010063021017,-0.0001665894027366
-0.0006493297432849,-0.0004166306962242,-0.0002127447040665
-0.0006664445976711,-0.0004308882799605,-0.0002595892245702
-0.0006810597074483,-0.0004437845976563,-0.0003068905812338
-0.0006932323041544,-0.0004553287233345,-0.00035442586803
-0.0007030243599923,-0.0004655329965617,-0.0004019819598037
-0.0007105022176219,-0.0004744127721702,-0.0004493557959016
-0.0007157362017868,-0.0004819861865487,-0.0004963546362746
-0.0007188002187309,-0.000488273942286,-0.0005427962835099
-0.0007197713493527,-0.000493299112069,-0.000588509265172
-0.0007187294418302,-0.0004970869619136,-0.0006333329719092
-0.0007157567090589,-0.0004996647930815,-0.0006771177479497
-0.0007109373357109,-0.0005010618014094,-0.0007197249318218
-0.000704357099081,-0.0005013089522705,-0.0007610268463408
-0.0006961030071667,-0.0005004388690034,-0.0008009067380612
-0.0006862629566699,-0.0004984857323807,-0.0008392586674701
-0.0006749254128451,-0.0004954851885525,-0.0008759873521587
-0.000662179112369,-0.0004914742628711,-0.0009110079660359
-0.0006481127897092,-0.0004864912770796,-0.0009442458983248
-0.000632814926835,-0.0004805757675187,-0.0009756364766017
-0.0006163735255634,-0.0004737684022449,-0.0010051246584951
-0.0005988759013722,-0.0004661108952602,-0.0010326646968646
-0.0005804084971593,-0.0004576459163984,-0.0010582197833355
-0.0005610567151652,-0.0004484169957882,-0.0010817616749847
-0.0005409047651229,-0.0004384684221967,-0.0011032703087813
-0.0005200355266351,-0.0004278451349382,-0.0011227334080864
-0.0004985304237984,-0.0004165926093985,-0.0011401460851477
-0.0004764693101942,-0.0004047567365582,-0.00115551044309
-0.0004539303625189,-0.0003923836971995,-0.0011688351804367
-0.0004309899813363,-0.0003795198317301,-0.0011801352007063
-0.0004077226976705,-0.0003662115067668,-0.0011894312291418
-0.0003842010844218,-0.0003525049797661,-0.0011967494381564
-0.0003604956718523,-0.0003384462630909,-0.0012021210826314
-0.000336674866655,-0.0003240809889471,-0.0012055821457995
-0.000312804874366,-0.0003094542766171,-0.0012071729960812
-0.0002889496251095,-0.0002946106033734,-0.0012069380549438
-0.0002651707028577,-0.000279593680361,-0.0012049254755941
-0.0002415272785521,-0.000264446334621,-0.0012011868321297
-0.0002180760475558,-0.0002492103982742,-0.001195776818632
-0.0001948711719923,-0.0002339266057196,-0.0011887529576022
-0.000171964228573,-0.0002186344995178,-0.0011801753171041
-0.0001494041625267,-0.0002033723454475,-0.0011701062359837
-0.0001272372482228,-0.0001881770570327,-0.0011586100565797
-0.0001055070570273,-0.000173084129663,-0.001145752864408
-8.42544328563755e-05,-0.0001581275842585,-0.0011316022343997
-6.35174757968172e-05,-0.0001433399202808,-0.0011162269833789
-4.33315340554053e-05,-0.0001287520777566,-0.0010996969285836
-2.37292043817517e-05,-0.0001143934078683,-0.0010820826521532
-4.74034099059057e-06,-0.0001002916515777,-0.0010634552716206
1.36079271088387e-05,-8.64729256807399e-05,-0.0010438862165528
3.12911705805937e-05,-7.29617156471377e-05,-0.0010234470115836
4.8287626334054e-05,-5.97808745799589e-05,-0.0010022090661558
6.45781565978246e-05,-4.69516276239925e-05,-0.0009802434713599
8.01462009695998e-05,-3.44935811718396e-05,-0.0009576208042966
9.49777219769971e-05,-2.24247362467809e-05,-0.0009344109404193
0.0001090611447291,-1.07615054868575e-05,-0.0009106828743198
0.0001223872912677,4.81266790718967e-07,-0.0008865045494115
0.0001349493102386,1.12902819039639e-05,-0.0008619426969387
0.0001467426025065,2.16537618925847e-05,-0.0008370626847018
0.0001577647433167,3.15614227024944e-05,-0.0008119283758379
0.0001680154015891,4.10044457281209e-05,-0.0007866019979334
0.0001774962568905,4.99754479092817e-05,-0.0007611440226806
0.0001862109145932,5.84684505214892e-05,-0.0007356130562161
0.0001941648196824,6.64788467472192e-05,-0.0007100657402047
0.0002013651696254,7.40033680720002e-05,-0.0006845566636588
0.0002078208266678,8.1040049513896e-05,-0.0006591382854094
0.0002135422298732,8.75881936684058e-05,-0.0006338608670758
0.0002185413071765,9.36483335330031e-05,-0.0006087724163182
0.0002228313876807,9.92221940662172e-05,-0.0005839186400976
0.0002264271143857,0.0001043126524347,-0.0005593429076168
0.0002293443575088,0.0001089236969076,-0.0005350862225741
0.0002316001285259,0.0001130603843691,-0.0005111872043234
0.0002332124950428,0.0001167287964371,-0.0004876820775072
0.0002342004965886,0.0001199359941971,-0.0004646046697104
0.0002345840614117,0.0001226899715847,-0.0004419864166663
0.0002343839243518,0.0001249996074722,-0.0004198563745428
0.0002336215458611,0.0001268746165462,-0.0003982412388358
0.0002323190322437,0.0001283254990822,-0.0003771653693997
0.0002304990571895,0.0001293634897508,-0.0003566508211586
0.000228184784682,0.0001300005056077,-0.0003367173800511
0.0002253997933636,0.0001302490934418,-0.00031738260378
0.000222168002452,0.0001301223766677,-0.0002986618669563
0.0002185135993039,0.0001296340019629,-0.0002805684102463
0.000214460968728,0.0001287980858545,-0.0002631133931523
0.0002100346241552,0.000127629161468,-0.0002463059500759
0.0002052591407737,0.0001261421256454,-0.0002301532493367
0.0002001590907387,0.0001243521866399,-0.0002146605548361
0.0001947589805642,0.0001222748125847,-0.0001998312900755
0.0001890831908032,0.0001199256809236,-0.0001856671042565
0.0001831559181133,0.0001173206289792,-0.000172167940205
0.0001770011198021,0.0001144756058166,-0.0001593321038764
0.0001706424609354,0.0001114066255487,-0.0001471563352118
0.0001641032640817,0.0001081297222049,-0.0001356358801251
0.0001574064617568,0.0001046609062745,-0.0001247645634121
0.000150574551618,0.0001010161230106,-0.0001145348623797
0.0001436295544472,9.72112125677297e-05,-0.0001049379810016
0.0001365929749487,9.32618720255029e-05,-9.59639244106327e-05
0.0001294857653752,8.91836193370415e-05,-8.76015735466823e-05
0.0001223282919813,8.49917592236962e-05,-7.98387597800405e-05
0.0001151403042967,8.07013510257182e-05,-7.26623393364122e-05
0.0001079409071941,7.63271785058055e-05,-6.60582673530547e-05
0.0001007485357214,7.18837215924929e-05,-6.00116713992039e-05
9.35809326570676e-05,6.73851300417958e-05,-5.45069242979665e-05
8.64551287369871e-05,6.28451989886606e-05,-4.95277160909445e-05
7.93874254976797e-05,5.82773463544817e-05,-4.50571249913208e-05
7.23933806713582e-05,5.36945920731117e-05,-4.10776871760417e-05
6.54877960646768e-05,4.91095390952599e-05,-3.7571465273157e-05
5.86847078481224e-05,4.45343561297786e-05,-3.45201154063705e-05
5.1997379179688e-05,3.99807620798798e-05,-3.19049526654361e-05
4.5438295083787e-05,3.54600121326177e-05,-2.97070148782185e-05
3.90191595043803e-05,3.09828854608355e-05,-2.79071245680009e-05
3.27508944498886e-05,2.65596744979943e-05,-2.64859489879324e-05
2.66436411465479e-05,2.22001757477199e-05,-2.54240581333167e-05
2.0706763116337e-05,1.79136820913764e-05,-2.47019806416867e-05
1.49488510953726e-05,1.37089765583181e-05,-2.43002575002092e-05
9.377729708661e-06,9.59432752462669e-06,-2.41994934898388e-05
4.00046581723217e-06,5.57748530697344e-06,-2.43804063057031e-05
-1.17662154608232e-06,1.66568011870684e-06,-2.48238733033516e-05
-6.14794973567772e-06,-2.13437864468613e-06,-2.55109758306549e-05
-1.09086596301524e-05,-5.8165018239841e-06,-2.64230411151959e-05
-1.54546014300604e-05,-9.37501865256869e-06,-2.75416816868702e-05
-1.97823191989625e-05,-1.28047736859867e-05,-2.88488323250164e-05
-2.38890342299921e-05,-1.6101122541638e-05,-3.03267845286588e-05
-2.77726273198443e-05,-1.92599264874115e-05,-3.19582185172882e-05
-3.14316200317636e-05,-2.22775459202671e-05,-3.37262327779795e-05
-3.48651550287369e-05,-2.5150832778122e-05,-3.56143711824865e-05
-3.8072975557662e-05,-2.78771219308728e-05,-3.760664770524e-05
-4.10554041647455e-05,-3.04542215988799e-05,-3.96875687798591e-05
-4.38133207217529e-05,-3.28804028497038e-05,-4.18421533378642e-05
-4.63481398419817e-05,-3.51543882262167e-05,-4.40559505787371e-05
-4.866178776392e-05,-3.72753395613791e-05,-4.63150555253149e-05
-5.07566787794925e-05,-3.9242845036878e-05,-4.86061224227405e-05
-5.26356912825554e-05,-4.10569055444628e-05,-5.09163760428427e-05
-5.43021435118845e-05,-4.27179204101043e-05,-5.32336209589094e-05
-5.57597690613072e-05,-4.42266725420419e-05,-5.55462488583883e-05
-5.7012692227848e-05,-4.55843130643471e-05,-5.78432439631242e-05
-5.80654032668113e-05,-4.67923454977983e-05,-6.01141866283779e-05
-5.89227336206139e-05,-4.78526095496514e-05,-6.23492551931029e-05
-5.95898311859122e-05,-4.87672645733036e-05,-6.45392261548313e-05
-6.00721356811767e-05,-4.95387727578914e-05,-6.66754727430793e-05
-6.03753541743424e-05,-5.01698821065957e-05,-6.87499619654801e-05
-6.05054368275476e-05,-5.06636092608333e-05,-7.07552502009147e-05
-6.04685529132696e-05,-5.10232222256706e-05,-7.2684477413791e-05
-6.02710671533964e-05,-5.12522230497179e-05,-7.45313600633421e-05
-5.99195164299591e-05,-5.13543305104941e-05,-7.62901827814178e-05
-5.94205869134024e-05,-5.1333462853835e-05,-7.79557888917416e-05
-5.87810916514098e-05,-5.11937206333994e-05,-7.95235698430338e-05
-5.80079486584363e-05,-5.09393696937294e-05,-8.0989453627765e-05
-5.71081595432517e-05,-5.05748243376937e-05,-8.23498922576223e-05
-5.60887887089692e-05,-5.01046307165117e-05,-8.36018483660427e-05
-5.49569431572354e-05,-4.95334504779517e-05,-8.47427810074077e-05
-5.37197529255019e-05,-4.88660447057438e-05,-8.57706307216876e-05
-5.23843521835861e-05,-4.81072581807606e-05,-8.66838039324789e-05
-5.09578610130657e-05,-4.72620039921339e-05,-8.74811567454809e-05
-4.94473678904434e-05,-4.63352485241609e-05,-8.81619782135059e-05
-4.78599128924689e-05,-4.53319968426797e-05,-8.87259731330976e-05
-4.62024716395093e-05,-4.42572785024961e-05,-8.91732444367308e-05
-4.44819399904279e-05,-4.31161337954737e-05,-8.95042752433881e-05
-4.27051195000634e-05,-4.19136004570303e-05,-8.97199106290248e-05
-4.0878703648088e-05,-4.06547008470103e-05,-8.98213391770513e-05
